[0.393333, 0.426667, 0.446667, 0.48, 0.48, 0.486667, 0.493333, 0.513333, 0.513333, 0.513333, 0.513333, 0.513333, 0.513333, 0.513333, 0.513333, 0.513333, 0.513333, 0.513333, 0.513333, 0.513333, 0.513333, 0.513333, 0.513333, 0.513333, 0.513333, 0.513333, 0.513333, 0.513333, 0.513333, 0.513333, 0.513333, 0.513333, 0.513333, 0.513333, 0.513333, 0.513333, 0.513333, 0.513333, 0.513333, 0.513333, 0.513333, 0.513333, 0.513333, 0.513333, 0.513333, 0.52, 0.52, 0.52, 0.52, 0.52]
[0.25, 0.25, 0.416667, 0.416667, 0.416667, 0.416667, 0.416667, 0.416667, 0.416667, 0.416667, 0.416667, 0.416667, 0.416667, 0.416667, 0.416667, 0.416667, 0.416667, 0.416667, 0.416667, 0.416667, 0.416667, 0.416667, 0.416667, 0.416667, 0.416667, 0.416667, 0.416667, 0.416667, 0.416667, 0.416667, 0.416667, 0.416667, 0.416667, 0.416667, 0.416667, 0.416667, 0.416667, 0.416667, 0.416667, 0.416667, 0.416667, 0.416667, 0.416667, 0.416667, 0.416667, 0.416667, 0.416667, 0.416667, 0.416667, 0.416667]
[0.416667, 0.583333, 0.583333, 0.583333, 0.583333, 0.583333, 0.666667, 0.75, 0.75, 0.75, 0.75, 0.75, 0.75, 0.833333, 0.833333, 0.833333, 0.833333, 0.833333, 0.833333, 0.833333, 0.833333, 0.833333, 0.833333, 0.833333, 0.833333, 0.833333, 0.833333, 0.833333, 0.833333, 0.833333, 0.833333, 0.833333, 0.833333, 0.833333, 0.833333, 0.833333, 0.833333, 0.833333, 0.833333, 0.833333, 0.833333, 0.833333, 0.833333, 0.833333, 0.833333, 0.833333, 0.833333, 0.833333, 0.833333, 0.833333]
[0.416667, 0.472222, 0.472222, 0.472222, 0.472222, 0.5, 0.5, 0.5, 0.5, 0.5, 0.527778, 0.527778, 0.527778, 0.527778, 0.527778, 0.555556, 0.555556, 0.555556, 0.555556, 0.555556, 0.555556, 0.555556, 0.555556, 0.555556, 0.555556, 0.555556, 0.555556, 0.555556, 0.555556, 0.555556, 0.555556, 0.555556, 0.555556, 0.555556, 0.555556, 0.555556, 0.555556, 0.555556, 0.555556, 0.555556, 0.555556, 0.555556, 0.555556, 0.555556, 0.555556, 0.555556, 0.555556, 0.555556, 0.555556, 0.555556]
[0.25, 0.25, 0.25, 0.25, 0.25, 0.75, 0.75, 0.75, 0.75, 0.75, 0.75, 0.75, 0.75, 0.75, 0.75, 0.75, 0.75, 0.75, 0.75, 0.75, 0.75, 0.75, 0.75, 0.75, 0.75, 0.75, 0.75, 0.75, 0.75, 0.75, 0.75, 0.75, 0.75, 0.75, 0.75, 0.75, 0.75, 0.75, 0.75, 0.75, 0.75, 0.75, 0.75, 0.75, 0.75, 0.75, 0.75, 0.75, 0.75, 0.75]
[0.75, 0.75, 0.75, 0.75, 0.75, 0.75, 0.75, 0.75, 0.75, 0.75, 0.75, 0.75, 0.75, 0.75, 0.75, 0.75, 0.75, 0.75, 0.75, 0.75, 0.75, 0.75, 0.75, 0.75, 0.75, 0.75, 0.75, 0.75, 0.75, 0.75, 0.75, 0.75, 0.75, 0.75, 0.75, 0.75, 0.75, 0.75, 0.75, 0.75, 0.75, 0.75, 0.75, 0.75, 0.75, 0.75, 0.75, 0.75, 0.75, 0.75]
[0.25, 0.25, 0.25, 0.25, 0.25, 0.25, 0.25, 0.25, 0.25, 0.25, 0.25, 0.25, 0.25, 0.25, 0.25, 0.25, 0.25, 0.25, 0.25, 0.25, 0.25, 0.25, 0.25, 0.25, 0.25, 0.25, 0.25, 0.25, 0.25, 0.25, 0.25, 0.25, 0.25, 0.25, 0.25, 0.25, 0.25, 0.25, 0.25, 0.25, 0.25, 0.25, 0.25, 0.25, 0.25, 0.25, 0.25, 0.25, 0.25, 0.25]
[0.5, 0.5, 0.5, 0.5, 0.5, 0.5, 0.5, 0.5, 0.5, 0.5, 0.5, 0.5, 0.5, 0.5, 0.5, 0.5, 0.5, 0.5, 0.5, 0.5, 0.5, 0.5, 0.5, 0.5, 0.5, 0.5, 0.5, 0.5, 0.5, 0.5, 0.5, 0.5, 0.5, 0.5, 0.5, 0.5, 0.5, 0.5, 0.5, 0.5, 0.5, 0.5, 0.5, 0.5, 0.5, 0.5, 0.5, 0.5, 0.5, 0.5]
[0.75, 0.833333, 0.916667, 0.916667, 0.916667, 0.916667, 0.916667, 0.916667, 0.916667, 0.916667, 0.916667, 0.916667, 0.916667, 0.916667, 0.916667, 0.916667, 0.916667, 0.916667, 0.916667, 0.916667, 0.916667, 0.916667, 0.916667, 0.916667, 0.916667, 0.916667, 0.916667, 0.916667, 0.916667, 0.916667, 0.916667, 0.916667, 0.916667, 0.916667, 0.916667, 0.916667, 0.916667, 0.916667, 0.916667, 0.916667, 0.916667, 0.916667, 0.916667, 0.916667, 0.916667, 0.916667, 0.916667, 0.916667, 0.916667, 0.916667]
[0.466667, 0.558333, 0.616667, 0.616667, 0.641667, 0.65, 0.658333, 0.675, 0.691667, 0.708333, 0.708333, 0.708333, 0.733333, 0.733333, 0.741667, 0.741667, 0.741667, 0.741667, 0.758333, 0.758333, 0.758333, 0.758333, 0.758333, 0.766667, 0.766667, 0.766667, 0.766667, 0.766667, 0.766667, 0.766667, 0.766667, 0.766667, 0.766667, 0.766667, 0.766667, 0.766667, 0.766667, 0.766667, 0.766667, 0.766667, 0.766667, 0.766667, 0.766667, 0.766667, 0.766667, 0.766667, 0.766667, 0.766667, 0.766667, 0.766667]
[0.75, 0.75, 0.75, 0.75, 0.75, 0.75, 0.75, 0.75, 0.75, 0.75, 0.75, 0.75, 0.75, 0.75, 0.75, 0.75, 0.75, 0.75, 0.75, 0.75, 0.75, 0.75, 0.75, 0.75, 0.75, 0.75, 0.75, 0.75, 0.75, 0.75, 0.75, 0.75, 0.75, 0.75, 0.75, 0.75, 0.75, 0.75, 0.75, 0.75, 0.75, 0.75, 0.75, 0.75, 0.75, 0.75, 0.75, 0.75, 0.75, 0.75]
[0.4375, 0.5, 0.5, 0.5625, 0.625, 0.625, 0.625, 0.625, 0.6875, 0.6875, 0.6875, 0.6875, 0.6875, 0.6875, 0.6875, 0.6875, 0.6875, 0.6875, 0.6875, 0.6875, 0.6875, 0.6875, 0.6875, 0.6875, 0.6875, 0.6875, 0.6875, 0.6875, 0.6875, 0.6875, 0.6875, 0.6875, 0.6875, 0.6875, 0.6875, 0.6875, 0.6875, 0.6875, 0.6875, 0.6875, 0.6875, 0.6875, 0.6875, 0.6875, 0.6875, 0.6875, 0.6875, 0.6875, 0.6875, 0.6875]
[0.5, 0.625, 0.625, 0.625, 0.625, 0.625, 0.625, 0.625, 0.625, 0.625, 0.625, 0.625, 0.625, 0.625, 0.625, 0.625, 0.625, 0.625, 0.625, 0.625, 0.625, 0.75, 0.75, 0.75, 0.75, 0.75, 0.75, 0.75, 0.75, 0.75, 0.75, 0.75, 0.75, 0.75, 0.75, 0.75, 0.75, 0.75, 0.75, 0.75, 0.75, 0.75, 0.75, 0.75, 0.75, 0.75, 0.75, 0.75, 0.75, 0.75]
[0.5, 0.633333, 0.7, 0.7, 0.7, 0.7, 0.716667, 0.716667, 0.733333, 0.75, 0.75, 0.75, 0.75, 0.783333, 0.783333, 0.816667, 0.833333, 0.833333, 0.85, 0.85, 0.85, 0.85, 0.85, 0.85, 0.85, 0.85, 0.85, 0.85, 0.85, 0.85, 0.85, 0.85, 0.85, 0.85, 0.85, 0.85, 0.85, 0.85, 0.85, 0.85, 0.85, 0.85, 0.85, 0.85, 0.85, 0.85, 0.85, 0.85, 0.85, 0.85]
[0.25, 0.25, 0.25, 0.25, 0.25, 0.25, 0.25, 0.25, 0.25, 0.25, 0.25, 0.25, 0.25, 0.25, 0.25, 0.25, 0.25, 0.25, 0.25, 0.25, 0.25, 0.25, 0.25, 0.25, 0.25, 0.25, 0.25, 0.25, 0.25, 0.25, 0.25, 0.25, 0.25, 0.25, 0.25, 0.25, 0.25, 0.25, 0.25, 0.25, 0.25, 0.25, 0.25, 0.25, 0.25, 0.25, 0.25, 0.25, 0.25, 0.25]
[0.25, 0.25, 0.25, 0.25, 0.375, 0.375, 0.375, 0.375, 0.375, 0.375, 0.375, 0.375, 0.375, 0.375, 0.375, 0.375, 0.375, 0.375, 0.375, 0.375, 0.375, 0.375, 0.375, 0.375, 0.375, 0.375, 0.375, 0.375, 0.375, 0.375, 0.375, 0.375, 0.375, 0.375, 0.375, 0.375, 0.375, 0.375, 0.375, 0.375, 0.375, 0.375, 0.375, 0.375, 0.375, 0.375, 0.375, 0.375, 0.375, 0.375]
[0.25, 0.25, 0.25, 0.25, 0.5, 0.5, 0.5, 0.5, 0.5, 0.5, 0.5, 0.5, 0.5, 0.5, 0.5, 0.5, 0.5, 0.5, 0.5, 0.5, 0.5, 0.5, 0.5, 0.5, 0.5, 0.5, 0.5, 0.5, 0.5, 0.5, 0.5, 0.5, 0.5, 0.5, 0.5, 0.5, 0.5, 0.5, 0.5, 0.5, 0.5, 0.5, 0.5, 0.5, 0.5, 0.5, 0.5, 0.5, 0.5, 0.5]
[0.25, 0.25, 0.25, 0.25, 0.25, 0.25, 0.25, 0.25, 0.25, 0.25, 0.25, 0.25, 0.25, 0.25, 0.25, 0.25, 0.25, 0.25, 0.25, 0.25, 0.25, 0.25, 0.25, 0.25, 0.25, 0.25, 0.25, 0.25, 0.25, 0.25, 0.25, 0.25, 0.25, 0.25, 0.25, 0.25, 0.25, 0.25, 0.25, 0.25, 0.25, 0.25, 0.25, 0.25, 0.25, 0.25, 0.25, 0.25, 0.25, 0.25]
[0.375, 0.375, 0.375, 0.375, 0.5, 0.625, 0.625, 0.625, 0.625, 0.625, 0.625, 0.625, 0.625, 0.625, 0.625, 0.625, 0.625, 0.625, 0.625, 0.625, 0.625, 0.625, 0.625, 0.625, 0.625, 0.625, 0.625, 0.625, 0.625, 0.625, 0.625, 0.625, 0.625, 0.625, 0.625, 0.625, 0.625, 0.625, 0.625, 0.625, 0.625, 0.625, 0.625, 0.625, 0.625, 0.625, 0.625, 0.625, 0.625, 0.625]
[0.25, 0.25, 0.25, 0.25, 0.25, 0.25, 0.25, 0.25, 0.25, 0.25, 0.25, 0.25, 0.25, 0.25, 0.25, 0.25, 0.25, 0.25, 0.25, 0.25, 0.25, 0.25, 0.25, 0.25, 0.25, 0.25, 0.25, 0.25, 0.25, 0.25, 0.25, 0.25, 0.25, 0.25, 0.25, 0.25, 0.25, 0.25, 0.25, 0.25, 0.25, 0.25, 0.25, 0.25, 0.25, 0.25, 0.25, 0.25, 0.25, 0.25]
[0.5, 0.583333, 0.583333, 0.583333, 0.583333, 0.583333, 0.583333, 0.583333, 0.583333, 0.583333, 0.583333, 0.666667, 0.666667, 0.666667, 0.666667, 0.666667, 0.666667, 0.666667, 0.666667, 0.666667, 0.666667, 0.666667, 0.666667, 0.666667, 0.666667, 0.666667, 0.666667, 0.666667, 0.666667, 0.666667, 0.666667, 0.666667, 0.666667, 0.666667, 0.666667, 0.666667, 0.666667, 0.666667, 0.666667, 0.666667, 0.666667, 0.666667, 0.666667, 0.666667, 0.666667, 0.666667, 0.666667, 0.666667, 0.666667, 0.666667]
[0.25, 0.25, 0.25, 0.25, 0.25, 0.25, 0.25, 0.25, 0.25, 0.25, 0.25, 0.25, 0.25, 0.25, 0.25, 0.25, 0.25, 0.25, 0.25, 0.25, 0.25, 0.25, 0.25, 0.25, 0.25, 0.25, 0.25, 0.25, 0.25, 0.25, 0.25, 0.25, 0.25, 0.25, 0.25, 0.25, 0.25, 0.25, 0.25, 0.25, 0.25, 0.25, 0.25, 0.25, 0.25, 0.25, 0.25, 0.25, 0.25, 0.25]
[0.75, 0.75, 1.0, 1.0, 1.0, 1.0, 1.0, 1.0, 1.0, 1.0, 1.0, 1.0, 1.0, 1.0, 1.0, 1.0, 1.0, 1.0, 1.0, 1.0, 1.0, 1.0, 1.0, 1.0, 1.0, 1.0, 1.0, 1.0, 1.0, 1.0, 1.0, 1.0, 1.0, 1.0, 1.0, 1.0, 1.0, 1.0, 1.0, 1.0, 1.0, 1.0, 1.0, 1.0, 1.0, 1.0, 1.0, 1.0, 1.0, 1.0]
[0.375, 0.4375, 0.4375, 0.4375, 0.4375, 0.4375, 0.4375, 0.5, 0.5, 0.5, 0.5, 0.5, 0.5, 0.5, 0.5, 0.5, 0.5, 0.5, 0.5, 0.5, 0.5, 0.5, 0.5, 0.5, 0.5, 0.5, 0.5, 0.5, 0.5, 0.5, 0.5, 0.5, 0.5, 0.5, 0.5, 0.5, 0.5, 0.5, 0.5, 0.5, 0.5, 0.5, 0.5, 0.5, 0.5, 0.5, 0.5, 0.5, 0.5, 0.5]
[0.5, 0.75, 0.75, 1.0, 1.0, 1.0, 1.0, 1.0, 1.0, 1.0, 1.0, 1.0, 1.0, 1.0, 1.0, 1.0, 1.0, 1.0, 1.0, 1.0, 1.0, 1.0, 1.0, 1.0, 1.0, 1.0, 1.0, 1.0, 1.0, 1.0, 1.0, 1.0, 1.0, 1.0, 1.0, 1.0, 1.0, 1.0, 1.0, 1.0, 1.0, 1.0, 1.0, 1.0, 1.0, 1.0, 1.0, 1.0, 1.0, 1.0]
[0.75, 0.75, 0.875, 0.875, 0.875, 0.875, 0.875, 0.875, 1.0, 1.0, 1.0, 1.0, 1.0, 1.0, 1.0, 1.0, 1.0, 1.0, 1.0, 1.0, 1.0, 1.0, 1.0, 1.0, 1.0, 1.0, 1.0, 1.0, 1.0, 1.0, 1.0, 1.0, 1.0, 1.0, 1.0, 1.0, 1.0, 1.0, 1.0, 1.0, 1.0, 1.0, 1.0, 1.0, 1.0, 1.0, 1.0, 1.0, 1.0, 1.0]
[0.416667, 0.5, 0.666667, 0.666667, 0.666667, 0.666667, 0.666667, 0.666667, 0.666667, 0.666667, 0.666667, 0.666667, 0.666667, 0.666667, 0.666667, 0.666667, 0.666667, 0.666667, 0.666667, 0.666667, 0.666667, 0.666667, 0.666667, 0.666667, 0.666667, 0.666667, 0.666667, 0.666667, 0.666667, 0.666667, 0.666667, 0.666667, 0.666667, 0.666667, 0.666667, 0.666667, 0.666667, 0.666667, 0.666667, 0.666667, 0.666667, 0.666667, 0.666667, 0.666667, 0.666667, 0.666667, 0.666667, 0.666667, 0.666667, 0.666667]
[0.458333, 0.5, 0.541667, 0.5625, 0.583333, 0.583333, 0.583333, 0.583333, 0.583333, 0.583333, 0.604167, 0.604167, 0.604167, 0.604167, 0.604167, 0.604167, 0.604167, 0.604167, 0.604167, 0.604167, 0.604167, 0.645833, 0.645833, 0.645833, 0.645833, 0.645833, 0.645833, 0.645833, 0.645833, 0.645833, 0.645833, 0.645833, 0.645833, 0.645833, 0.645833, 0.645833, 0.645833, 0.645833, 0.645833, 0.645833, 0.645833, 0.645833, 0.645833, 0.645833, 0.645833, 0.645833, 0.645833, 0.645833, 0.645833, 0.645833]
[0.25, 0.25, 0.25, 0.25, 0.25, 0.25, 0.25, 0.25, 0.25, 0.25, 0.25, 0.25, 0.25, 0.25, 0.25, 0.25, 0.25, 0.25, 0.25, 0.25, 0.25, 0.25, 0.25, 0.25, 0.25, 0.25, 0.25, 0.25, 0.25, 0.25, 0.25, 0.25, 0.25, 0.25, 0.25, 0.25, 0.25, 0.25, 0.25, 0.25, 0.25, 0.25, 0.25, 0.25, 0.25, 0.25, 0.25, 0.25, 0.25, 0.25]
[0.5, 0.75, 1.0, 1.0, 1.0, 1.0, 1.0, 1.125, 1.125, 1.125, 1.125, 1.125, 1.125, 1.125, 1.125, 1.125, 1.125, 1.125, 1.125, 1.125, 1.125, 1.125, 1.125, 1.125, 1.125, 1.125, 1.125, 1.125, 1.125, 1.125, 1.125, 1.125, 1.125, 1.125, 1.125, 1.125, 1.125, 1.125, 1.125, 1.125, 1.125, 1.125, 1.125, 1.125, 1.125, 1.125, 1.125, 1.125, 1.125, 1.125]
[0.56, 0.6, 0.64, 0.64, 0.64, 0.64, 0.64, 0.72, 0.72, 0.72, 0.72, 0.72, 0.72, 0.72, 0.72, 0.72, 0.72, 0.8, 0.8, 0.8, 0.8, 0.8, 0.8, 0.8, 0.8, 0.8, 0.84, 0.84, 0.84, 0.84, 0.84, 0.84, 0.84, 0.92, 0.92, 0.92, 0.92, 0.92, 0.92, 0.92, 0.96, 0.96, 0.96, 0.96, 0.96, 0.96, 0.96, 0.96, 0.96, 0.96]
[0.5, 0.5, 0.5, 0.5, 0.5, 0.5, 0.5, 0.5, 0.5, 0.5, 0.5, 0.5, 0.5, 0.5, 0.5, 0.5, 0.5, 0.5, 0.5, 0.5, 0.5, 0.5, 0.5, 0.5, 0.5, 0.5, 0.5, 0.5, 0.5, 0.5, 0.5, 0.5, 0.5, 0.5, 0.5, 0.5, 0.5, 0.5, 0.5, 0.5, 0.5, 0.5, 0.5, 0.5, 0.5, 0.5, 0.5, 0.5, 0.5, 0.5]
[0.25, 0.25, 0.25, 0.25, 0.25, 0.25, 0.25, 0.25, 0.25, 0.25, 0.25, 0.25, 0.25, 0.25, 0.25, 0.25, 0.25, 0.25, 0.25, 0.25, 0.25, 0.25, 0.25, 0.25, 0.25, 0.25, 0.25, 0.25, 0.25, 0.25, 0.25, 0.25, 0.25, 0.25, 0.25, 0.25, 0.25, 0.25, 0.25, 0.25, 0.25, 0.25, 0.25, 0.25, 0.25, 0.25, 0.25, 0.25, 0.25, 0.25]
[0.25, 0.25, 0.25, 0.25, 0.25, 0.25, 0.25, 0.25, 0.25, 0.25, 0.25, 0.25, 0.25, 0.25, 0.25, 0.25, 0.25, 0.25, 0.25, 0.25, 0.25, 0.25, 0.25, 0.25, 0.25, 0.25, 0.25, 0.25, 0.25, 0.25, 0.25, 0.25, 0.25, 0.25, 0.25, 0.25, 0.25, 0.25, 0.25, 0.25, 0.25, 0.25, 0.25, 0.25, 0.25, 0.25, 0.25, 0.25, 0.25, 0.25]
[0.375, 0.375, 0.375, 0.375, 0.375, 0.375, 0.375, 0.375, 0.375, 0.375, 0.375, 0.375, 0.375, 0.375, 0.375, 0.375, 0.375, 0.375, 0.375, 0.375, 0.375, 0.375, 0.375, 0.375, 0.375, 0.375, 0.375, 0.375, 0.375, 0.375, 0.375, 0.375, 0.375, 0.375, 0.375, 0.375, 0.375, 0.375, 0.375, 0.375, 0.375, 0.375, 0.375, 0.375, 0.375, 0.375, 0.375, 0.375, 0.375, 0.375]
[0.5, 0.5, 0.5, 0.5, 0.75, 1.0, 1.0, 1.0, 1.0, 1.0, 1.0, 1.0, 1.0, 1.0, 1.0, 1.0, 1.0, 1.0, 1.0, 1.0, 1.0, 1.0, 1.0, 1.0, 1.0, 1.0, 1.0, 1.0, 1.0, 1.0, 1.0, 1.0, 1.0, 1.0, 1.0, 1.0, 1.0, 1.0, 1.0, 1.0, 1.0, 1.0, 1.0, 1.0, 1.0, 1.0, 1.0, 1.0, 1.0, 1.0]
[0.25, 0.25, 0.25, 0.25, 0.25, 0.25, 0.25, 0.25, 0.25, 0.25, 0.25, 0.25, 0.25, 0.25, 0.25, 0.25, 0.25, 0.25, 0.25, 0.25, 0.25, 0.25, 0.25, 0.25, 0.25, 0.25, 0.25, 0.25, 0.25, 0.25, 0.25, 0.25, 0.25, 0.25, 0.25, 0.25, 0.25, 0.25, 0.25, 0.25, 0.25, 0.25, 0.25, 0.25, 0.25, 0.25, 0.25, 0.25, 0.25, 0.25]
[0.5, 0.625, 0.6875, 0.8125, 0.8125, 0.8125, 0.8125, 0.8125, 0.8125, 0.8125, 0.8125, 0.8125, 0.8125, 0.8125, 0.8125, 0.8125, 0.8125, 0.8125, 0.8125, 0.8125, 0.8125, 0.8125, 0.8125, 0.8125, 0.8125, 0.8125, 0.8125, 0.8125, 0.8125, 0.8125, 0.8125, 0.8125, 0.8125, 0.8125, 0.8125, 0.8125, 0.8125, 0.8125, 0.8125, 0.8125, 0.8125, 0.8125, 0.8125, 0.8125, 0.8125, 0.875, 0.875, 0.875, 0.875, 0.875]
[0.5, 0.75, 0.75, 0.75, 0.75, 0.75, 0.75, 1.0, 1.0, 1.0, 1.0, 1.0, 1.0, 1.0, 1.0, 1.0, 1.0, 1.0, 1.0, 1.0, 1.0, 1.0, 1.0, 1.0, 1.0, 1.0, 1.0, 1.0, 1.0, 1.0, 1.0, 1.0, 1.0, 1.0, 1.0, 1.0, 1.0, 1.0, 1.0, 1.0, 1.0, 1.0, 1.0, 1.0, 1.0, 1.0, 1.0, 1.0, 1.0, 1.0]
[0.625, 0.75, 0.75, 0.75, 0.8125, 0.9375, 1.0, 1.0, 1.0, 1.0, 1.0, 1.0, 1.0, 1.0, 1.0, 1.0, 1.0, 1.0, 1.0, 1.0, 1.0, 1.0, 1.0, 1.0, 1.0, 1.0, 1.0, 1.0, 1.0, 1.0, 1.0, 1.0, 1.0, 1.0, 1.0, 1.0, 1.0, 1.0, 1.0, 1.0, 1.0, 1.0, 1.0, 1.0, 1.0, 1.0, 1.0, 1.0, 1.0, 1.0]
[0.25, 0.25, 0.25, 0.25, 0.25, 0.25, 0.25, 0.25, 0.25, 0.25, 0.25, 0.25, 0.25, 0.25, 0.25, 0.25, 0.25, 0.25, 0.25, 0.25, 0.25, 0.25, 0.25, 0.25, 0.25, 0.25, 0.25, 0.25, 0.25, 0.25, 0.25, 0.25, 0.25, 0.25, 0.25, 0.25, 0.25, 0.25, 0.25, 0.25, 0.25, 0.25, 0.25, 0.25, 0.25, 0.25, 0.25, 0.25, 0.25, 0.25]
[0.25, 0.25, 0.25, 0.25, 0.25, 0.25, 0.25, 0.25, 0.25, 0.25, 0.25, 0.25, 0.25, 0.25, 0.25, 0.25, 0.25, 0.25, 0.25, 0.25, 0.25, 0.25, 0.25, 0.25, 0.25, 0.25, 0.25, 0.25, 0.25, 0.25, 0.25, 0.25, 0.25, 0.25, 0.25, 0.25, 0.25, 0.25, 0.25, 0.25, 0.25, 0.25, 0.25, 0.25, 0.25, 0.25, 0.25, 0.25, 0.25, 0.25]
[0.25, 0.25, 0.25, 0.5, 0.5, 0.5, 0.5, 0.5, 0.5, 0.5, 0.5, 0.5, 0.5, 0.5, 0.5, 0.5, 0.5, 0.5, 0.5, 0.5, 0.5, 0.5, 0.5, 0.5, 0.5, 0.5, 0.5, 0.5, 0.5, 0.5, 0.5, 0.5, 0.5, 0.5, 0.5, 0.5, 0.5, 0.5, 0.5, 0.5, 0.5, 0.5, 0.5, 0.5, 0.5, 0.5, 0.5, 0.5, 0.5, 0.5]
[0.333333, 0.333333, 0.333333, 0.375, 0.416667, 0.416667, 0.416667, 0.416667, 0.416667, 0.416667, 0.416667, 0.416667, 0.416667, 0.416667, 0.416667, 0.416667, 0.416667, 0.416667, 0.416667, 0.416667, 0.416667, 0.416667, 0.416667, 0.416667, 0.416667, 0.416667, 0.416667, 0.416667, 0.416667, 0.416667, 0.416667, 0.416667, 0.416667, 0.416667, 0.416667, 0.416667, 0.416667, 0.416667, 0.416667, 0.416667, 0.416667, 0.416667, 0.416667, 0.416667, 0.416667, 0.416667, 0.416667, 0.416667, 0.416667, 0.416667]
[0.5, 0.625, 0.625, 0.625, 0.625, 0.625, 0.625, 0.75, 0.75, 0.75, 0.75, 0.75, 0.75, 0.75, 0.75, 0.75, 0.75, 0.75, 0.75, 0.75, 0.75, 0.75, 0.75, 0.75, 0.75, 0.75, 0.75, 0.75, 0.75, 0.75, 0.75, 0.75, 0.75, 0.75, 0.75, 0.75, 0.75, 0.75, 0.75, 0.75, 0.75, 0.75, 0.75, 0.75, 0.75, 0.75, 0.75, 0.75, 0.75, 0.75]
[0.453125, 0.546875, 0.578125, 0.65625, 0.671875, 0.671875, 0.6875, 0.6875, 0.6875, 0.6875, 0.6875, 0.6875, 0.703125, 0.703125, 0.703125, 0.703125, 0.703125, 0.703125, 0.703125, 0.703125, 0.703125, 0.703125, 0.703125, 0.703125, 0.703125, 0.703125, 0.703125, 0.703125, 0.703125, 0.703125, 0.703125, 0.703125, 0.703125, 0.703125, 0.703125, 0.703125, 0.703125, 0.703125, 0.703125, 0.703125, 0.703125, 0.703125, 0.703125, 0.703125, 0.703125, 0.703125, 0.703125, 0.703125, 0.703125, 0.703125]
[0.25, 0.25, 0.375, 0.375, 0.375, 0.375, 0.375, 0.375, 0.375, 0.375, 0.375, 0.375, 0.375, 0.375, 0.375, 0.375, 0.375, 0.375, 0.375, 0.375, 0.375, 0.375, 0.375, 0.375, 0.375, 0.375, 0.375, 0.375, 0.375, 0.375, 0.375, 0.375, 0.375, 0.375, 0.375, 0.375, 0.375, 0.375, 0.375, 0.375, 0.375, 0.375, 0.375, 0.375, 0.375, 0.375, 0.375, 0.375, 0.375, 0.375]
[0.25, 0.25, 0.333333, 0.333333, 0.333333, 0.333333, 0.333333, 0.333333, 0.333333, 0.333333, 0.333333, 0.333333, 0.333333, 0.333333, 0.333333, 0.333333, 0.333333, 0.333333, 0.333333, 0.333333, 0.333333, 0.333333, 0.333333, 0.333333, 0.333333, 0.333333, 0.333333, 0.333333, 0.333333, 0.333333, 0.333333, 0.333333, 0.333333, 0.333333, 0.333333, 0.333333, 0.333333, 0.333333, 0.333333, 0.333333, 0.333333, 0.333333, 0.333333, 0.333333, 0.333333, 0.333333, 0.333333, 0.333333, 0.333333, 0.333333]
[0.625, 0.791667, 0.916667, 0.958333, 1.0, 1.0, 1.08333, 1.08333, 1.08333, 1.08333, 1.08333, 1.08333, 1.08333, 1.08333, 1.08333, 1.08333, 1.08333, 1.08333, 1.125, 1.125, 1.125, 1.125, 1.125, 1.125, 1.125, 1.125, 1.125, 1.125, 1.125, 1.125, 1.125, 1.125, 1.125, 1.125, 1.125, 1.125, 1.125, 1.125, 1.125, 1.125, 1.125, 1.125, 1.125, 1.125, 1.125, 1.125, 1.125, 1.125, 1.125, 1.125]
[0.5, 0.75, 1.0, 1.0, 1.0, 1.0, 1.0, 1.0, 1.0, 1.0, 1.0, 1.0, 1.0, 1.0, 1.0, 1.0, 1.0, 1.0, 1.0, 1.0, 1.0, 1.0, 1.0, 1.0, 1.0, 1.0, 1.0, 1.0, 1.0, 1.0, 1.0, 1.0, 1.0, 1.0, 1.0, 1.0, 1.0, 1.0, 1.0, 1.0, 1.0, 1.0, 1.0, 1.0, 1.0, 1.0, 1.0, 1.0, 1.0, 1.0]
