0.908256880733945
1.091743119266055
1.238532110091743
1.3256880733944953
1.389908256880734
1.4541284403669725
1.4908256880733946
1.5229357798165137
1.5688073394495412
1.6055045871559632
1.614678899082569
1.6422018348623852
1.6559633027522935
1.6743119266055047
1.6788990825688073
1.68348623853211
1.7155963302752293
1.7339449541284404
1.761467889908257
1.7706422018348624
1.7706422018348624
1.7706422018348624
1.775229357798165
1.7889908256880733
1.7889908256880733
1.798165137614679
1.798165137614679
1.8027522935779816
1.8073394495412844
1.8256880733944953
1.834862385321101
1.8577981651376148
1.8577981651376148
1.8623853211009174
1.871559633027523
1.8944954128440368
1.8990825688073394
1.8990825688073394
1.8990825688073394
1.9036697247706422
1.9220183486238531
1.9220183486238531
1.926605504587156
1.9311926605504588
1.9311926605504588
1.9311926605504588
1.9403669724770642
1.944954128440367
1.944954128440367
1.9587155963302751
