0.44549763033175355
0.5118483412322274
0.5592417061611374
0.5781990521327014
0.5829383886255924
0.5971563981042654
0.6208530805687204
0.6255924170616114
0.6303317535545023
0.6303317535545023
0.6398104265402843
0.6492890995260664
0.6682464454976303
0.6729857819905213
0.6729857819905213
0.6777251184834123
0.6777251184834123
0.6824644549763034
0.6872037914691943
0.6872037914691943
0.6919431279620853
0.6919431279620853
0.6966824644549763
0.6966824644549763
0.7014218009478673
0.7014218009478673
0.7014218009478673
0.7014218009478673
0.7014218009478673
0.7014218009478673
0.7014218009478673
0.7014218009478673
0.7109004739336493
0.7109004739336493
0.7109004739336493
0.7109004739336493
0.7109004739336493
0.7109004739336493
0.7109004739336493
0.7109004739336493
0.7109004739336493
0.7109004739336493
0.7156398104265402
0.7156398104265402
0.7156398104265402
0.7156398104265402
0.7156398104265402
0.7156398104265402
0.7203791469194313
0.7203791469194313
