0.9423868312757202
0.9423868312757202
0.9465020576131687
0.9506172839506173
0.9506172839506173
0.9506172839506173
0.9506172839506173
0.9547325102880658
0.9588477366255144
0.9629629629629629
0.9629629629629629
0.9629629629629629
0.9670781893004116
0.9711934156378601
0.9711934156378601
0.9753086419753086
0.9753086419753086
0.9753086419753086
0.9753086419753086
0.9753086419753086
0.9753086419753086
0.9753086419753086
0.9753086419753086
0.9753086419753086
0.9753086419753086
0.9753086419753086
0.9753086419753086
0.9753086419753086
0.9753086419753086
0.9753086419753086
0.9753086419753086
0.9753086419753086
0.9753086419753086
0.9753086419753086
0.9753086419753086
0.9753086419753086
0.9753086419753086
0.9753086419753086
0.9753086419753086
0.9753086419753086
0.9753086419753086
0.9753086419753086
0.9753086419753086
0.9753086419753086
0.9753086419753086
0.9753086419753086
0.9753086419753086
0.9753086419753086
0.9753086419753086
0.9753086419753086
