0.7488151658767772
1.0
1.1421800947867298
1.2180094786729858
1.2701421800947867
1.3127962085308056
1.3744075829383886
1.4028436018957346
1.4360189573459716
1.4502369668246446
1.4834123222748816
1.5071090047393365
1.5308056872037914
1.5781990521327014
1.5971563981042654
1.6208530805687205
1.6255924170616114
1.6445497630331753
1.6635071090047393
1.6729857819905214
1.6872037914691944
1.7061611374407584
1.7203791469194314
1.7203791469194314
1.7251184834123223
1.7251184834123223
1.7298578199052133
1.7345971563981042
1.7345971563981042
1.7345971563981042
1.7393364928909953
1.7535545023696681
1.7677725118483412
1.7725118483412323
1.7867298578199051
1.7962085308056872
1.8246445497630333
1.8246445497630333
1.838862559241706
1.8436018957345972
1.8625592417061612
1.8625592417061612
1.8767772511848342
1.8815165876777251
1.8909952606635072
1.8957345971563981
1.8957345971563981
1.900473933649289
1.9099526066350712
1.914691943127962
