1.0123456790123457
1.0123456790123457
1.0576131687242798
1.0823045267489713
1.0823045267489713
1.0864197530864197
1.1111111111111112
1.1152263374485596
1.1193415637860082
1.123456790123457
1.123456790123457
1.123456790123457
1.139917695473251
1.1440329218106995
1.1481481481481481
1.1522633744855968
1.1522633744855968
1.1522633744855968
1.1522633744855968
1.1522633744855968
1.1522633744855968
1.1522633744855968
1.168724279835391
1.168724279835391
1.1975308641975309
1.1975308641975309
1.1975308641975309
1.1975308641975309
1.1975308641975309
1.1975308641975309
1.1975308641975309
1.1975308641975309
1.1975308641975309
1.1975308641975309
1.1975308641975309
1.1975308641975309
1.1975308641975309
1.1975308641975309
1.1975308641975309
1.1975308641975309
1.1975308641975309
1.1975308641975309
1.213991769547325
1.2263374485596708
1.2263374485596708
1.2263374485596708
1.2263374485596708
1.2263374485596708
1.2263374485596708
1.2263374485596708
