0.5871559633027523
0.6467889908256881
0.6743119266055045
0.7155963302752294
0.7247706422018348
0.7339449541284404
0.7431192660550459
0.7477064220183486
0.7568807339449541
0.7568807339449541
0.7568807339449541
0.7614678899082569
0.7614678899082569
0.7660550458715596
0.7706422018348624
0.7706422018348624
0.7798165137614679
0.7844036697247706
0.7844036697247706
0.7844036697247706
0.7844036697247706
0.7844036697247706
0.7844036697247706
0.7844036697247706
0.7844036697247706
0.7844036697247706
0.7844036697247706
0.7844036697247706
0.7889908256880734
0.7889908256880734
0.7935779816513762
0.7981651376146789
0.7981651376146789
0.7981651376146789
0.7981651376146789
0.7981651376146789
0.7981651376146789
0.7981651376146789
0.7981651376146789
0.8027522935779816
0.8073394495412844
0.8073394495412844
0.8073394495412844
0.8073394495412844
0.8073394495412844
0.8073394495412844
0.8119266055045872
0.8119266055045872
0.8119266055045872
0.8211009174311926
