0.7533039647577092
0.8061674008810573
0.8193832599118943
0.8193832599118943
0.8325991189427313
0.8325991189427313
0.8414096916299559
0.8458149779735683
0.8458149779735683
0.8502202643171806
0.8546255506607929
0.8546255506607929
0.8546255506607929
0.8634361233480177
0.8678414096916299
0.8722466960352423
0.8722466960352423
0.8722466960352423
0.8722466960352423
0.8766519823788547
0.8766519823788547
0.8766519823788547
0.8766519823788547
0.8854625550660793
0.8898678414096917
0.8898678414096917
0.8898678414096917
0.8898678414096917
0.8898678414096917
0.8898678414096917
0.8942731277533039
0.8942731277533039
0.8942731277533039
0.8942731277533039
0.8942731277533039
0.8986784140969163
0.9030837004405287
0.9074889867841409
0.9074889867841409
0.9074889867841409
0.9074889867841409
0.9074889867841409
0.9074889867841409
0.9074889867841409
0.9074889867841409
0.9074889867841409
0.9074889867841409
0.9074889867841409
0.9074889867841409
0.9074889867841409
