1.0352422907488987
1.1629955947136563
1.224669603524229
1.2907488986784141
1.3259911894273129
1.3524229074889869
1.3832599118942732
1.4008810572687225
1.4140969162995596
1.4317180616740088
1.4449339207048457
1.4581497797356828
1.4669603524229076
1.4801762114537445
1.4889867841409692
1.5066079295154184
1.5066079295154184
1.5110132158590308
1.52863436123348
1.5418502202643172
1.5594713656387664
1.5682819383259912
1.5726872246696035
1.5814977973568283
1.5859030837004404
1.5859030837004404
1.5859030837004404
1.5903083700440528
1.6255506607929515
1.6255506607929515
1.6343612334801763
1.6343612334801763
1.6343612334801763
1.6343612334801763
1.6343612334801763
1.6387665198237886
1.6431718061674008
1.6475770925110131
1.6519823788546255
1.6607929515418502
1.6651982378854626
1.669603524229075
1.669603524229075
1.669603524229075
1.7004405286343611
1.7004405286343611
1.7004405286343611
1.7004405286343611
1.7004405286343611
1.7004405286343611
