3544
3545
3543
3147
3583
3575
1266
3457
3583
3575
1545
3861
4356
1109
3457
1028
1266
3530
2048
1266
8571
1025
1045
3373
2082
1809
4417
1937
3116
1036
3575
2082
715
1057
560
4601
12448
430
12450
12449
12447
2941
7464
7465
1737
3591
3719
2858
1758
6434
8215
2793
4982
8242
1809
4417
1844
2230
3575
560
6434
4601
4982
3575
1959
3929
1037
11171
141
4356
3683
13732
13733
2094
4601
9464
1258
1809
4417
15441
2793
4601
2793
4982
9927
3637
4066
5
4095
15410
15408
2915
15224
4297
1691
4095
7262
7170
7242
6385
6386
1094
13725
1797
1025
3373
2082
1057
560
7537
1994
4601
1758
9026
3571
13785
13725
3630
8672
8881
8887
5
1902
3591
782
560
6434
8215
6434
4601
1902
3583
3575
4982
4650
3665
4140
3719
11524
11523
2528
3383
141
1301
1025
1809
4417
4122
7665
782
964
2904
3523
3529
3525
3528
2793
1937
4982
3575
4601
715
2793
5
1029
1091
715
2793
3719
1091
1057
560
7537
1994
3383
1045
3373
4601
8920
6410
6407
6408
6409
1057
4601
4601
3575
1024
3548
5
1295
4601
4601
3583
3575
4601
1758
9026
3571
11217
141
782
2793
1266
715
1057
560
1758
1758
4982
1809
4417
1799
878
1046
1283
6560
4261
3591
8465
4601
2082
1809
4417
2793
4982
