15172
3687
3591
3383
4601
3575
6560
1088
4771
1758
4601
4261
8465
20
715
2980
1295
7790
782
8672
8881
3374
4601
8920
3374
3575
1202
3826
1295
3374
6434
4982
4771
1994
4982
3374
4601
1045
2858
4601
11
20
3745
4982
3116
3583
3672
1258
1758
2793
2858
3757
875
4601
6434
3116
3583
1057
7383
1049
1737
4982
3575
85
4771
3975
4982
8206
1758
2082
3383
964
3789
3383
1935
3687
8465
11217
141
2911
5
3374
3374
2915
3374
3665
1639
1091
14749
3789
2980
2793
4982
3687
1937
3687
11119
141
4601
3591
3575
20
8672
2793
4601
1045
20
3687
2941
8881
8890
3789
4771
3116
3583
3374
2911
20
1937
8206
3643
3789
20
6434
3457
4982
1266
1202
1758
1046
3789
3383
6837
2022
1958
3429
5
20
4771
410
3789
1046
1046
6434
4122
1375
4007
3765
1951
2230
1046
5
4095
4601
8206
3687
3575
1758
5
3611
2793
4982
1025
2912
1258
4601
715
1091
1306
1951
2230
1545
4356
430
3131
3130
141
3383
3457
1758
4601
3374
3383
3373
3591
2858
4601
3116
3583
3383
4601
1045
20
4601
1937
3571
1266
2094
4601
2793
5474
20
4601
4982
8034
3719
6560
3765
875
20
964
3116
3583
1691
2793
405
8881
8206
2082
20
2858
6434
4601
141
2858
782
875
3658
3657
7566
6560
1758
964
1301
1758
3374
715
11
1295
3374
1758
964
1758
20
4356
4982
1057
560
3374
2858
875
2793
3575
964
20
5
5
964
2904
7747
782
7476
3383
4601
1046
4601
1045
11119
11217
964
7297
1935
1758
11119
141
3789
4601
3374
715
3583
1091
3383
3936
20
4601
9026
3571
964
1025
3383
3583
3575
1797
3383
1758
4066
4601
3456
4982
11
3373
1758
3548
1295
3583
1202
3457
4601
3687
3116
11404
141
3374
3374
3457
4601
4154
6560
3789
3936
3425
1037
875
4601
1737
3719
3374
8874
2888
1202
1758
6434
8206
1758
3865
20
3757
3575
5
1037
4982
4982
7469
1057
715
3457
3583
1988
3383
13475
2082
6434
3591
1807
3383
3575
20
1057
3575
3383
3373
4601
4601
3116
2872
5
4601
5
5
4095
3374
7616
5
4095
4356
4853
1295
3374
3383
6560
2793
4982
2082
3583
4601
3583
3575
3743
3619
3575
1266
1758
3434
2094
405
782
875
715
1924
1295
3789
964
3374
4601
3374
715
1295
1091
4771
1937
3116
875
13684
875
4601
141
3571
538
3116
3374
4982
9026
3571
3687
3591
3575
3383
3453
6434
8206
3571
4982
4297
3575
1758
3374
3575
7616
1758
15172
2910
1295
3383
2915
14933
1025
3116
8034
3583
1091
782
4601
964
3371
4982
6434
15066
1006
715
2793
20
3789
2858
3583
3575
4982
8206
7665
2105
7616
875
3453
11217
141
3789
20
3374
3383
8672
8881
7616
4601
3116
4601
11
8051
141
4601
7246
2893
2858
3523
3525
20
8672
715
3457
1758
4771
405
5
1037
4095
3553
560
1094
2893
3383
5615
5616
3575
4601
2893
3648
3583
4771
4601
4982
3575
3583
3575
782
875
3429
5
1037
4122
1958
1758
4601
1937
4601
2858
8881
3591
1684
8545
7616
3975
13725
3630
1758
1758
20
4601
4095
4601
5726
1091
4771
3789
8034
782
3591
8465
5
8433
3687
3789
1255
1091
20
2858
1087
5
3583
3575
8874
6434
3575
3383
715
3719
1295
3575
3765
875
1691
4601
964
13678
4356
3687
2980
141
3383
4601
2022
7416
4601
1758
8874
3575
3453
8206
3575
12951
8206
3575
20
4601
3591
1758
3789
1988
2082
7616
3383
2858
1057
560
1758
4771
875
3374
3374
4771
4601
3383
3373
11119
141
4658
4601
7246
3672
1057
2528
9193
875
1025
3383
13678
964
3371
3366
2911
3591
4601
3789
5
4771
3383
2131
4771
410
1045
2313
2314
7616
20
1049
782
3757
11217
141
3383
4601
7246
964
1758
4982
8206
2893
3453
1988
3373
2082
20
4601
4982
560
1245
3533
3383
11
141
15441
3789
3374
3374
715
1255
1091
3575
3687
3687
8874
1994
2858
3583
20
4153
5
4095
2911
3383
3575
4601
3687
11119
141
6560
901
3571
1758
3583
3575
4356
1758
4601
20
3374
4601
4601
4601
3789
1029
1057
560
2082
875
4771
410
3571
2528
141
2888
4601
8920
9026
3571
20
4297
3630
3611
7616
3571
4771
3683
1202
4601
20
4297
2956
3657
3583
3575
3457
1046
1283
20
3678
13725
3948
964
2888
20
4601
6101
6102
3374
3457
3383
20
4107
4073
2889
3591
8242
3591
782
782
875
3648
782
3457
4982
4982
3765
2793
4982
4154
4982
4601
3383
4771
20
3116
3116
4601
3687
3591
4771
3383
3687
14905
14933
15015
1045
1045
3583
3575
1758
1758
141
6434
3116
560
5
4073
4601
7246
11
20
1639
1295
4601
1049
5320
4601
4982
4650
2105
1091
7616
875
3637
6560
4154
20
4771
3765
141
8206
3374
1988
1758
1639
4154
3374
2082
2082
4601
2094
2048
3571
3789
1037
2082
3374
7616
12270
4066
4095
12256
3719
1091
141
2858
3583
1937
1202
3373
2082
11
1057
4505
20
3374
7246
4601
3789
3687
3591
1758
4601
1758
3687
2858
2094
3374
3575
4601
3575
3672
13725
3630
3374
141
2183
4601
3789
4122
1937
9026
3571
8455
3591
20
3687
1266
11395
141
3374
4771
875
3116
3583
2915
3687
1266
1758
3453
4297
3374
4601
4356
13732
13725
20
782
875
1245
3548
20
3548
1937
3116
1266
3374
4154
2793
4982
3853
35
20
1758
1046
4601
1370
1369
1368
3575
11119
7676
11171
1691
4601
405
1691
3789
20
3789
3383
6434
3116
2048
141
3571
20
11
20
3374
3374
741
4601
8206
3789
2793
3583
6560
4982
1967
2082
1687
20
5
4771
405
3575
1045
4601
3373
715
1295
3575
3374
3374
3789
6924
2888
4601
4771
1994
1758
1046
1057
1758
6434
3583
715
1295
2980
141
4356
3671
3456
11972
3245
11971
3789
141
1057
7616
3374
560
875
4771
3429
3619
1037
3383
4771
3765
1046
4601
8814
3374
4982
8206
3687
3591
1037
5
1758
2858
2872
4601
9193
20
3373
2082
20
4057
3789
3789
2793
1295
1639
4771
1994
3374
3383
20
3374
2528
141
3383
1108
1988
2082
4
2
3687
3591
2022
560
7416
3383
1045
20
14944
14943
3383
1045
4601
1045
4356
8920
3575
4601
4982
141
3383
3719
3374
1758
2912
141
5
3575
1758
1046
20
1758
15165
4771
3765
1758
1301
20
3366
141
4601
3374
1300
3757
875
3368
2793
3575
3789
11
715
1295
875
1057
1057
560
11119
11217
3116
8206
3457
3575
8841
8814
5
8268
8269
20
3383
8874
20
2904
782
875
3374
1202
4982
3583
2858
4601
3575
2941
3453
6434
3116
4095
3571
875
14490
3383
5985
5986
4601
3116
3583
141
1691
2793
3591
1057
1057
560
875
8206
1028
8874
1202
782
875
1937
3687
5476
1091
4356
4417
2956
4601
15224
5520
5519
5516
715
3548
1295
560
11217
141
1057
4601
3687
1266
4982
8242
1046
3383
2893
715
1295
6434
3789
4601
2858
3383
11171
141
14939
430
14938
2858
1758
9541
1937
2082
1758
6560
3575
3575
3374
1758
9026
3571
1758
2048
141
12087
4601
3378
141
4601
4601
1258
4601
9080
2183
4297
15053
3374
3575
1266
4601
6434
3575
20
1691
7616
8034
782
875
3571
3383
1691
3374
560
3829
3374
4297
964
2904
1758
20
3687
3591
4297
2793
9193
875
11907
141
1691
1258
1049
3407
3672
1258
560
20
4982
4982
3575
4601
3789
2915
15172
964
1758
2956
6560
1046
1202
9026
1202
3583
782
875
715
1057
20
20
5
9553
9554
5
141
11378
141
2858
3383
1935
1758
4154
560
1091
3383
4601
3575
3383
3383
2793
4982
3116
3789
4771
3765
3789
1029
1988
12415
1758
2941
3116
3583
3575
15441
3457
3116
3116
1691
1758
1758
3375
11119
141
4601
6434
141
782
2793
4982
3383
1028
782
782
3378
2793
2956
3383
3575
1937
8206
3789
3611
2872
2105
3374
7665
2105
6560
4601
3575
3383
3373
1057
560
7383
6560
3368
4601
3789
1758
4095
3789
3116
4601
3575
1025
2858
2528
141
7616
3383
2022
4234
875
20
8206
3575
2793
4982
9936
964
3583
3575
6560
3789
1202
8242
3575
4982
3575
2094
3571
3457
3591
2915
3383
1057
7434
4066
2872
2105
4601
3687
3116
3575
4982
3575
4601
3575
1046
1937
4982
2904
12951
3687
3591
1937
410
4066
1951
2094
9953
4982
3383
1057
3440
3456
3575
964
1301
3575
3371
3366
405
2094
4601
6422
6421
14467
3789
1758
1758
1046
715
1958
1295
1988
4982
3575
2082
20
4601
538
20
20
4601
560
3583
3575
3678
5
2094
3789
11
2858
4601
1046
141
3374
3457
4771
3383
3571
4982
782
875
1691
1301
4356
4982
3366
141
2082
4601
3368
3374
4771
3683
4066
3374
4982
3374
6560
2858
3757
4601
1797
782
875
1758
3375
6560
3383
4982
8206
1057
4982
20
20
2904
6434
3591
2858
1937
4261
4262
14944
14943
4601
1691
11217
141
3611
875
3853
3383
3383
4771
4601
1758
782
875
3383
6560
14749
141
4601
1057
560
11920
3551
1691
20
2858
1202
875
20
3687
1057
7383
3583
2105
141
3733
5
1295
3789
3374
3678
13725
4356
4601
3374
4601
1758
405
3930
3383
3457
1045
141
4601
3575
3575
3116
3575
1992
14759
5
2793
3457
20
560
4153
3374
2904
1258
3383
141
20
35
20
9026
3571
2082
3116
3853
3383
875
3575
1758
2858
8995
8927
13684
1057
3687
1937
3687
3591
2980
3571
715
741
1295
3719
1295
4066
3374
4601
3583
3575
1758
3374
3789
4601
4601
1163
3383
5
1037
20
3575
1758
3383
20
1046
4982
8242
2528
141
1045
2183
141
1737
3719
7469
2888
2082
3571
405
3604
1025
3374
1988
1737
3719
2793
4982
3591
11119
11214
3243
11119
141
4601
4601
2980
141
20
2793
4982
1057
560
2858
1300
20
1057
3383
8206
3116
3672
1046
3575
2793
1028
3556
2793
4982
4601
1758
1057
4771
1994
3591
8242
3373
2082
3368
3383
3378
20
3575
8741
4601
1937
3116
3246
3247
3245
4601
4356
782
3457
782
875
4154
3687
3575
1809
3787
1091
20
3789
2793
4982
6434
3591
8874
20
3619
405
5
4601
3374
3789
3789
4771
4982
3575
11159
4601
4853
1295
3116
3672
1758
4601
4771
3765
875
5
1691
1937
3575
4601
1758
1046
13024
6560
3826
1295
3575
7616
9541
560
875
14905
14933
3116
15436
4601
3789
1109
782
875
3373
2082
2793
964
1758
1758
2858
4066
3630
8206
3575
11217
141
4121
1958
2858
3383
4982
3575
4601
3826
1295
4771
5
3687
2858
4234
875
3575
4601
3575
5
4095
1057
2893
7297
8881
20
4601
5
4095
4601
5
3116
4548
4549
3245
4982
3575
141
1988
3575
741
1988
3383
4601
2793
4982
405
2858
11404
1037
141
12301
4095
3789
1958
4121
1684
2858
13725
3630
1046
1283
5723
5724
5722
20
4771
20
15172
11600
141
6434
2858
4982
3583
3575
4982
8034
3591
4982
3575
3591
1266
8465
1691
715
1295
3453
11763
1024
141
3336
3575
6434
1202
875
1046
2793
4982
4982
4601
2082
1758
1046
1088
560
782
875
4601
4601
3374
4601
3457
2082
3116
3575
4601
7246
1758
20
4650
875
1091
7616
3383
1992
141
3383
1958
3611
2105
2094
3374
1108
3729
141
6560
3368
3374
875
4982
3575
12008
141
1691
3630
2094
9953
7476
4066
3630
2094
4601
15254
14933
3757
875
20
8541
3575
4297
3826
1295
405
3440
3453
7297
8881
1737
4140
3719
20
3457
141
3789
4982
4095
715
1295
2858
1758
715
1295
1301
2858
4297
1057
7383
3457
8874
3733
4982
3575
964
14933
3789
1375
1057
560
11217
141
3374
4771
3765
20
20
3687
3575
3374
2893
2889
12303
2105
4095
141
8672
8881
1025
1109
1758
20
1255
3619
1091
5
4095
3495
11976
141
4601
4601
3374
9026
3571
3575
7616
1199
1295
141
3383
8206
3575
8881
11
1057
560
4601
3116
1758
2793
4982
3374
875
3730
560
4601
3374
14951
2889
14952
782
875
3116
4601
4356
3366
141
20
3575
8206
3575
741
4601
3575
4982
4771
3683
5
8672
5
1797
2858
875
3583
2048
8874
4601
4356
3374
4601
1258
2912
1758
6560
3591
141
3374
3116
3575
4601
3383
3383
1982
141
3575
906
4121
1958
3116
3583
2980
1797
3765
3591
8242
7616
1046
3826
1295
4982
9901
4982
4601
4154
3374
875
4982
560
1809
1202
141
3571
3575
1202
7616
1758
3583
3575
3495
15172
2082
4601
7476
3374
1057
1992
14759
14950
4601
1758
7246
2889
1202
4601
3575
1758
715
3548
3583
8920
4771
3729
11217
141
1057
560
715
715
1295
2105
782
3591
8541
3583
4601
3591
875
715
1295
1758
3687
3591
1266
3571
4982
3789
4601
1148
1202
4982
3575
3789
4771
3541
5
4982
4771
4356
2082
1202
1266
4272
5
4073
1758
4601
2793
4982
875
2182
2183
1758
1046
3575
8541
1827
11663
141
4601
3687
3591
4601
15165
2912
1758
4601
782
875
3383
3374
4982
3575
1046
3373
2082
7616
20
12303
5
4095
20
782
875
4771
1295
3429
1037
4122
782
4601
8920
2904
3368
2131
4601
3116
3583
3374
3383
3374
3719
1295
715
1088
1025
5
1091
11119
141
4601
3789
715
1295
5
715
1295
1691
3457
3575
1202
1057
11119
141
4982
8206
3687
1266
4601
20
4982
1937
3575
3374
5
5
141
20
3687
4601
1959
4601
4110
2094
3687
8465
3374
3116
2793
1937
4601
4982
875
4601
1937
7246
4601
8455
3548
3575
1202
12088
3551
141
2904
2893
3551
3865
3575
2082
1057
15066
1037
4095
1937
8206
3575
1758
4297
14683
4095
3374
4982
8206
3368
3293
3687
4982
3591
4601
8920
2858
3757
20
15254
14933
4601
3591
3575
8242
4601
5
4095
4982
7469
3810
3789
20
1758
3373
2082
1988
3853
3383
1758
4771
1758
2858
4771
3765
715
1091
1758
4601
4122
4601
741
560
141
3383
15331
6434
3116
741
4601
3453
7562
782
2122
4771
875
3374
3687
1737
3719
4658
1025
2915
7141
7140
7142
1758
1758
3583
1028
5
4095
875
4601
3575
4601
10123
4154
3383
5517
5516
5518
1758
3575
1758
3687
11697
141
6434
3374
4771
560
6150
6151
4601
8920
4771
1046
560
3639
3611
6560
11171
3374
4650
3583
1091
3583
3575
3789
1988
2858
405
782
875
1982
141
3571
7616
13013
715
1295
3687
3591
3583
3583
3575
1959
5325
4982
3383
4601
6434
3457
1994
8874
14944
14943
7616
3591
3575
3784
3619
3293
1758
11121
11119
6434
4982
4601
3116
141
4297
7616
5
20
4601
4982
20
13602
4154
15066
3374
3730
1758
3383
8425
3591
8672
7297
1758
1937
7246
1937
8881
4982
3853
3383
3374
3687
3583
8874
3383
3687
3591
1057
560
715
1295
3383
3373
715
1295
1691
1758
3789
715
4268
85
1691
3575
8874
6434
3116
4771
5
20
20
6132
4601
3530
8881
3383
1937
3116
3383
3373
3374
141
3373
2082
1258
6560
1937
3407
3591
782
560
1057
1057
3553
560
3829
3843
11119
4601
4771
405
1994
3368
141
7616
715
4853
1295
20
405
3687
3591
1266
6924
2889
2082
4771
20
3373
2082
4601
1758
1982
141
3575
20
13725
3630
3789
715
1295
1639
20
1758
3373
2082
1758
1758
1046
2872
2105
1091
3687
3611
3293
3619
5
4073
3457
3656
3650
3687
20
20
4601
4771
6434
3116
8206
3116
7616
3457
8762
8763
4982
3116
8667
8666
3374
4982
3371
3366
8571
141
11119
1057
560
1737
3719
1038
4771
5
11
20
1202
4771
4601
13725
11
782
1758
1202
1046
6434
4601
4771
2793
4982
3575
7616
4066
3611
3571
3575
3687
2793
4982
3575
20
1091
4601
3116
3583
7616
3116
3583
3533
8888
3457
1028
8881
3575
3778
1091
2082
