782
875
2082
3374
4601
8920
3583
9889
4982
3591
1951
2230
4123
4122
4121
3637
3583
3575
3657
3648
3583
3575
1046
1758
4356
3687
3591
1737
3719
20
3383
3530
1266
5
4095
20
8206
3116
3575
3575
2858
6622
1025
3374
2022
2858
3745
5
2950
4771
3683
3630
3583
4601
8920
1057
7383
4982
3648
4771
4066
4519
3657
3648
3575
2082
1025
5716
5717
1091
4601
3583
4771
5
1037
4601
3571
1094
3861
4528
1046
3575
13725
2858
3619
3583
8874
4601
3583
14905
14933
3619
5
4073
741
4771
410
4601
3575
14774
1937
7616
2793
4982
5476
1091
6241
6243
6242
560
6560
9889
4982
2051
3591
2793
4982
3637
1202
875
3657
3658
5442
5443
5444
2889
3374
4771
4066
4519
878
1046
1283
3583
7279
7280
3293
560
3523
3526
2082
1266
141
3571
1924
4827
5
1295
964
2904
3583
1224
878
1225
715
3619
1091
3789
4356
1007
1005
1006
1809
4417
12951
9922
4601
4982
15254
2915
14933
8672
8881
5
2793
8242
3575
4601
8920
715
1958
1295
5
141
11663
3373
5442
5443
9533
3789
5716
3975
2888
2082
3374
560
715
5266
1295
715
560
4601
4982
8206
4982
8242
3575
1057
560
2911
12951
6932
6931
4356
4122
4121
3637
5
3575
1266
4601
8920
3116
1036
3575
3672
2858
875
2858
875
1375
2793
5
3672
4601
3687
3575
20
1057
3553
560
15410
2915
15224
560
2105
4601
1937
7246
3373
2082
7465
3729
782
3591
6434
3457
8034
1266
2095
878
2094
560
4095
4601
2793
4982
9193
3637
4601
3571
1202
4356
1202
3374
2082
11119
11159
141
3383
4601
8920
4601
4601
2082
782
4601
8920
8920
20
6434
4601
3583
3575
4601
3583
11119
11159
141
3429
5
1037
560
3829
8206
3116
3575
3672
3687
3575
3672
1937
8206
4982
3687
2183
1684
4601
4982
3116
3575
4601
3583
405
4601
3368
715
1639
1295
4601
8920
1202
6539
6540
6538
6537
3719
1091
5476
2872
1091
3374
1202
715
3637
1958
1295
4982
8455
1028
4153
2793
9193
878
4771
3810
3789
4601
3687
3575
1758
3523
3525
3524
560
3757
3783
3782
3789
3374
2793
5
3672
3583
3575
12333
3457
4601
8920
560
875
964
4982
9907
3765
7747
1109
782
3687
3591
3789
6782
6780
9524
6781
7246
1758
2048
1797
1306
1951
2230
1025
3374
3429
3619
5
1037
1988
560
4517
4519
13725
2094
3575
3583
4601
4601
3575
2858
3583
1266
8874
4601
3687
3575
3789
964
2956
4154
1937
3575
11
782
875
1937
4982
3575
6560
20
4601
3457
3575
3583
3368
3672
4601
3429
5
1037
1025
14086
1844
3583
1025
4601
4982
1258
12279
12280
5
4095
2793
3853
1091
875
11217
141
4122
1958
4121
4601
5
1037
3789
2793
4982
3591
405
4095
3374
6434
3116
3575
5
4073
741
3383
4601
3687
8206
3591
3583
3743
3583
8874
5121
729
5120
3575
7632
3374
1024
1037
1295
4601
8920
7465
1028
3729
782
4982
3383
2915
6560
4095
3575
1266
1046
3611
2872
3373
1639
3457
3672
964
2904
3228
3227
3226
715
538
1295
2915
3380
1758
14950
3374
6434
3116
3583
3575
2858
3778
6670
3575
4601
3583
3789
4601
3591
3789
3937
3936
5
1037
3374
3583
1951
2094
4601
3374
13582
13584
13585
11171
141
1046
2904
2082
4771
560
3829
1809
5
4095
1057
560
782
875
7279
7280
4982
3591
5320
2858
5
6924
1758
2888
4658
1025
5
12279
12280
4095
14928
4601
4601
7616
9541
3457
1028
1758
20
2082
1958
3746
2048
4356
2889
5
1037
2082
3583
4601
3548
3719
1295
3687
3591
1758
2793
3575
749
746
748
747
9541
1809
405
5
4095
141
3583
3566
3870
2858
3789
782
1639
3583
7246
3789
3975
3457
1028
1266
1758
7445
3383
3811
3583
3575
1988
4771
3575
1266
3383
3373
405
3583
3643
3789
560
5
782
14774
1937
3583
782
875
1300
1301
878
6159
6160
6161
715
560
4601
8920
4601
3687
3591
3575
2793
3583
12594
3383
12593
2858
1025
3869
3865
3843
3687
3575
1046
3575
2793
2182
1266
2793
8242
3575
1758
1758
1046
1057
2793
4982
9907
3765
13599
13597
13598
1958
4601
8920
8920
4417
3383
2082
4601
8920
4601
560
4982
8206
3374
3374
1758
1045
141
2793
3591
8242
3575
1057
560
3719
4658
12279
12280
875
4095
8238
8237
8239
1057
7383
4505
