3544
3545
3543
3147
6263
8444
3583
3575
1266
8174
9237
3457
4602
9306
8777
4916
4276
8786
3583
3575
1545
3861
4356
4424
1109
3653
3457
3817
1028
1266
4599
3530
2048
1266
8571
13552
1025
1045
3373
2082
4416
1809
4360
4417
4352
1937
3116
1036
3575
8523
13477
7579
13447
2931
2082
715
1057
560
7350
7357
4601
9206
9216
8970
9215
12448
430
12450
12449
12447
2945
2943
2882
2941
2944
7464
7465
1737
3591
3719
3332
2858
4039
1758
2164
6434
8217
8216
8218
8215
2793
4982
8242
9894
8192
1809
3974
4417
7536
12243
14078
4543
4531
1844
2230
8137
8721
3575
8494
5721
5483
560
5467
5482
5481
6434
4601
4982
3575
8211
5327
1959
5326
3929
1037
11273
11171
11474
141
11475
4032
4426
4356
4352
4359
3683
13731
13732
13733
2094
9463
4601
9464
9465
4094
3356
3354
3355
3358
1258
4032
4416
1809
4417
4352
15452
15451
15441
15456
15455
2793
8209
8129
8139
9915
8834
8671
4601
9381
8777
2793
4982
9927
7728
3637
3436
4066
3777
5
4095
15410
15408
2915
15409
15224
4032
4297
4103
4311
4312
14108
14109
13037
1691
13033
4068
4039
3777
12290
4095
7262
7170
7242
6385
6386
1094
13731
13725
4560
4397
1797
7701
1025
3373
2082
1057
560
7537
3777
1994
9025
4601
1758
9026
3571
13778
13785
13725
3630
13786
8672
8881
8887
8885
5
1902
7919
7920
3591
782
5483
560
5482
5481
5499
6434
8219
8220
8221
8215
6434
4601
1902
3583
3575
4982
4650
3665
4140
3719
11524
11523
2528
3383
141
13680
13681
1301
1025
13679
4416
1809
4417
4429
4352
4122
7665
7422
782
7728
2232
964
2937
2904
2959
3523
3529
3525
3528
3522
2793
1937
4982
3575
8134
4601
8576
4606
8989
8988
715
2793
5
1029
1091
715
2793
881
3719
1091
1057
560
7537
4104
1994
12538
3383
1045
3373
12537
9015
4601
8920
8919
8603
6410
6407
6408
6409
6406
1057
7500
7501
7499
7381
9463
4601
9467
4094
9466
8224
4601
8132
3575
8750
1024
4662
3548
5
1295
4601
9281
9216
9280
9215
8224
4601
8739
3583
3575
4601
1758
8431
9026
3571
11580
11581
11217
141
11575
4296
3646
8143
7843
782
2793
8140
1266
8211
8432
715
1057
560
7350
7411
6949
1758
6950
6951
3539
6872
1758
2971
6865
6909
8117
4982
9544
8174
8134
4416
1809
4424
4417
4352
2138
1799
878
1046
1283
13091
14135
14146
6560
14147
4261
3596
3591
4263
8465
9021
4601
9072
9071
9070
7579
13494
13497
13471
2082
4416
1809
4417
4352
4440
2793
4982
8778
8522
9923
