158
3
159
116
162
3
168
159
3
180
3
181
151
3
181
211
212
7
156
222
7
222
223
7
210
242
239
210
244
156
247
7
248
250
7
215
256
7
248
247
248
7
247
7
248
268
248
7
210
237
7
244
7
248
219
156
7
279
280
7
279
280
7
279
280
7
223
239
7
337
338
339
337
338
339
336
239
126
222
223
7
368
248
7
211
212
7
270
7
248
371
248
7
165
7
248
213
7
248
365
7
367
236
383
7
388
349
7
230
391
392
230
394
393
230
7
28
397
7
248
399
7
248
230
389
391
210
242
239
210
244
156
247
7
248
236
7
248
247
248
7
247
7
248
250
7
215
247
7
248
247
7
248
268
248
7
256
7
248
247
7
248
247
7
248
247
7
248
247
7
248
13
404
7
247
7
248
247
248
7
247
248
7
247
7
248
247
248
7
339
7
248
13
404
7
256
7
248
256
7
248
410
411
280
211
212
7
211
212
7
412
7
413
210
237
7
415
416
7
219
156
7
415
416
7
244
7
248
222
236
7
279
280
7
279
280
7
279
280
7
277
363
7
422
8
424
422
424
8
422
8
424
422
8
424
425
424
8
434
435
436
434
437
438
434
439
8
440
441
442
440
443
444
440
445
446
450
440
8
440
8
424
451
8
440
451
8
440
451
8
440
451
8
440
451
8
440
453
8
439
454
458
459
454
460
8
454
456
461
454
8
462
454
455
8
454
8
462
454
460
8
473
8
439
475
8
439
422
454
480
454
434
481
483
8
440
422
8
484
494
444
8
496
440
8
496
497
444
496
440
8
503
504
505
503
506
507
503
504
508
503
509
505
503
510
511
503
512
513
520
521
506
544
545
17
558
559
560
578
538
17
573
587
588
587
273
17
587
17
273
593
594
570
538
539
598
539
538
598
46
17
52
528
602
603
528
602
603
626
17
623
626
17
623
623
626
17
543
628
629
622
510
17
503
505
17
641
642
643
544
17
537
537
544
17
600
503
537
544
17
545
643
658
659
503
17
548
612
17
511
544
545
17
577
663
629
580
17
568
580
17
568
580
17
568
110
17
537
505
17
45
538
562
557
46
17
545
580
17
568
696
511
17
696
17
511
580
17
568
641
642
643
641
642
643
503
704
17
562
17
538
710
18
711
710
712
18
710
711
18
715
18
722
733
20
734
733
20
734
733
20
734
733
20
734
21
736
737
750
21
753
761
750
21
635
772
27
558
559
560
785
786
27
45
27
146
45
27
146
146
27
571
45
46
539
539
27
788
635
772
27
539
27
708
539
27
46
539
46
27
46
27
539
36
46
539
536
45
27
571
27
610
610
27
571
610
27
571
772
635
27
776
27
505
505
776
27
801
27
781
505
27
772
571
801
781
569
815
816
788
27
539
539
817
27
539
27
788
817
27
539
683
776
787
683
27
776
578
538
27
874
875
46
879
37
880
882
884
883
882
884
883
885
882
37
882
885
37
885
37
882
883
885
37
886
37
885
37
885
886
37
883
888
883
885
37
885
37
882
882
884
883
889
890
37
879
37
882
882
890
879
892
37
879
37
879
892
889
890
37
37
882
893
889
37
894
879
893
37
880
88
37
37
902
903
37
73
906
37
73
906
907
893
37
907
893
37
907
893
37
907
893
37
907
893
37
907
893
37
907
893
37
907
893
37
907
893
37
907
893
37
907
893
37
907
893
37
907
908
909
907
893
37
910
893
37
911
907
912
907
893
37
907
893
37
883
37
73
37
914
915
37
883
918
37
913
883
37
899
924
883
37
73
928
925
73
899
916
37
37
883
918
930
37
918
73
37
883
885
932
37
887
37
885
37
882
932
906
893
885
37
936
932
37
935
940
885
73
942
883
37
885
37
940
944
886
37
885
949
885
37
950
73
37
951
37
952
885
923
953
954
925
955
935
37
882
885
956
921
73
885
883
885
956
949
949
885
37
949
885
37
949
37
885
938
37
885
923
73
960
925
955
954
885
73
883
883
37
952
962
963
37
885
883
913
885
923
953
37
969
50
885
923
953
935
37
885
37
885
972
886
887
897
885
883
73
271
925
37
975
976
37
216
38
980
216
38
980
981
982
983
988
982
38
990
991
992
979
38
993
995
996
40
995
996
40
998
883
40
999
40
1000
999
40
1000
999
40
1000
429
1003
1004
429
1003
1004
1033
1025
40
1052
1000
40
1054
40
999
1056
1054
40
1054
40
999
1057
1000
40
1057
1000
40
1052
1000
40
1057
1000
40
907
1053
54
1060
1061
1062
46
480
1072
46
1073
1074
46
1075
1076
17
46
622
1086
46
546
1088
46
76
496
1011
46
1092
1094
46
438
46
437
33
46
539
539
33
46
33
46
539
1068
1101
46
1106
1107
1108
1115
1116
423
46
52
76
1138
46
12
1140
46
52
1139
46
52
1139
46
52
1143
1144
1145
46
496
1147
1140
46
1150
1139
1153
1154
1157
1162
46
1167
1011
46
1076
46
1075
1122
46
1172
1176
1058
47
1178
1063
47
1178
1063
47
1058
47
1193
1195
55
47
1063
1196
1197
1178
1063
47
1178
47
1063
1188
47
1200
1202
1063
47
1203
1199
1188
1058
1198
47
1058
1198
47
1185
47
90
1185
1193
1138
1191
47
1058
1058
47
1211
1193
47
1176
1176
1193
47
1186
47
1212
1193
47
1211
1193
47
1063
1214
1058
1063
1214
1058
1063
1063
47
1058
1188
1206
47
1217
47
1210
1058
1198
1218
1187
1058
47
1058
1187
1184
1058
47
1063
1219
248
217
1222
1228
1229
264
1222
49
52
1238
1239
52
1240
1241
52
1238
1239
52
1242
1243
52
1244
1245
52
1242
1243
52
1244
1245
1249
53
802
53
1266
96
1246
1272
1273
1275
1272
1276
1248
1279
1280
786
53
785
1283
53
68
53
802
825
53
802
825
53
802
825
786
53
802
53
802
825
610
802
53
53
802
825
610
45
53
789
785
786
786
802
53
53
802
825
802
53
825
818
53
789
53
802
45
818
802
53
1084
53
787
802
1292
1293
786
53
1294
1273
53
13
1273
1298
1297
1273
802
53
1273
802
53
53
1300
1286
1299
789
53
1286
53
786
1306
53
786
1306
53
786
802
610
53
1286
1273
13
1273
1286
13
1286
1273
13
1273
53
802
1273
53
802
786
1286
53
1297
1273
13
13
1313
1297
13
1315
1316
1316
1273
1286
1321
53
27
692
33
584
53
1327
33
772
45
53
33
45
112
112
33
45
789
45
46
789
46
45
1331
1332
54
1053
54
1334
907
1053
54
907
1053
54
90
1053
54
1054
1053
54
1338
1339
1340
1338
1065
54
1000
54
1340
1340
54
1065
1338
54
1065
1342
1341
54
1347
54
90
1348
1350
1351
136
1352
54
1355
1357
1350
1356
1352
1350
1357
1350
1355
1356
1352
1350
1360
1350
1361
1360
1364
1365
1362
54
142
1185
54
1209
1338
54
90
1338
90
54
1374
1375
54
1380
1381
1382
1116
54
1383
1379
54
1375
143
54
90
1390
1393
1394
1390
1395
1396
1390
1395
1396
1396
1397
1395
1341
54
1338
1341
1338
1347
365
54
90
1383
1052
54
1406
54
86
86
1406
54
1401
54
1407
1401
1188
54
365
54
90
1410
1409
1350
1410
1409
1350
1410
1409
1350
1410
1409
1350
1409
54
1334
1410
1350
1022
1409
54
1334
1409
54
1334
54
1409
1410
1417
1418
1419
1417
1418
1419
54
885
1420
885
1421
1422
885
1421
1422
885
1422
1421
995
996
54
995
54
996
995
996
54
995
54
996
996
995
54
995
54
996
143
90
54
1347
54
90
1338
1334
54
1366
79
1338
1338
1453
54
143
54
90
143
54
90
143
90
54
1453
54
1338
1347
1203
54
143
90
54
143
90
54
143
90
54
143
90
54
143
90
54
143
90
54
143
90
54
143
90
54
143
90
54
143
90
54
143
90
54
143
90
54
1338
54
1366
1347
54
1204
143
90
54
1052
1465
54
1052
1465
54
1481
1482
1479
1485
1479
1484
1487
56
1488
1483
56
1494
1496
1493
1495
1498
1484
1499
1478
56
1477
1507
56
1479
1479
56
1523
1515
1318
1527
1533
1496
56
1506
56
63
1479
1535
1536
1478
56
1477
1485
1479
56
56
463
1496
1550
1488
56
1479
56
1523
1485
56
1479
1553
56
1508
1543
56
1477
56
468
1574
1531
56
1479
1484
1479
56
1531
56
1533
1508
56
1488
1479
1488
56
1585
1538
56
1585
56
1538
56
1485
1589
1593
1531
1594
1596
1477
56
1409
56
1533
1579
56
1585
463
1479
1496
1479
1496
56
1496
56
1479
1531
56
1479
1543
56
1477
1572
56
1479
1522
56
1603
1604
1479
1605
1609
1572
1604
1572
56
1479
1479
56
1557
1615
1616
1617
1478
56
1477
1020
1620
1621
1628
1629
56
1478
56
1477
1628
1629
56
1479
1632
1633
1577
56
1606
1531
56
1479
1477
1479
56
1635
1636
1477
1478
56
1477
1538
1585
1644
1601
1477
56
1479
1498
1648
1601
1650
1651
1485
56
1479
1479
1498
1648
1655
1656
1636
1557
56
1657
1531
1479
56
1485
56
1479
1578
56
1509
1661
1479
56
1477
56
1516
1601
1477
56
1601
56
1477
1601
56
1477
1601
56
1477
1601
56
1666
1601
56
1477
1601
56
1477
1601
56
1477
1601
56
1477
1479
56
1477
1477
1479
56
1477
1548
56
56
1577
1477
1479
1477
56
1485
1672
441
1601
1477
56
1477
1548
56
1601
1533
56
1479
1673
1675
1601
56
1477
1601
1477
56
1601
1477
56
1601
1477
56
56
12
494
1682
1585
56
56
12
494
56
12
1152
1685
57
1686
116
125
57
20
57
1710
1718
942
1189
1688
1722
1723
57
1687
1532
1616
57
1688
57
1727
1728
57
1729
1730
57
1734
652
1737
1704
57
1738
57
125
1739
57
1685
1512
57
116
1708
1742
57
57
116
1708
1719
57
1687
1708
1742
57
57
1532
1687
57
1588
17
1738
57
1745
1708
1742
57
1708
1742
57
1708
1742
57
1706
1748
1685
1750
57
1700
57
125
116
1512
1752
1480
1708
1742
57
1708
1742
57
1760
57
1532
1688
1480
1578
1686
57
1532
1771
1539
1772
1708
1742
1778
1779
1780
1781
1687
57
1532
1708
1742
1778
57
24
1788
1789
57
1790
1789
1790
57
1688
1793
1794
1688
1728
1795
57
116
1716
1702
1801
1802
1458
57
652
57
1704
1687
57
1687
1810
116
1743
57
116
57
125
116
1743
57
125
57
23
57
1685
1688
125
116
1088
57
1707
118
1144
57
1532
57
1786
1824
57
1814
1826
1814
116
125
57
1829
471
116
57
125
1459
57
652
1770
57
116
1814
57
116
1686
1685
57
1735
57
1685
1759
116
1834
1775
57
116
1685
1767
57
1685
57
1532
1458
57
652
1830
1801
1688
116
125
57
1843
1686
57
1685
1767
57
1685
1814
1846
1685
1767
57
1685
1767
57
1685
1767
57
1685
57
1767
1824
1704
1849
1687
1532
57
1792
1813
1854
1743
1780
1861
379
1863
1864
17
57
414
1700
57
116
379
57
1532
379
57
1532
1532
57
1816
1700
116
57
125
57
1873
57
1143
1144
1695
1878
1879
1882
1144
1532
1885
57
1886
1687
1532
57
57
1761
116
1892
57
116
1868
57
1532
125
1685
116
1896
1897
1780
1719
57
1532
1719
57
1532
1759
1899
125
1890
1901
57
116
57
125
1811
1780
1903
1811
1780
1903
1816
1730
1729
1907
1908
1792
1907
1908
1792
1700
57
1088
1775
57
116
1906
57
1688
1909
1792
57
57
1915
1688
57
1816
1704
1759
116
1834
1917
1688
57
1792
1923
1532
116
1747
1700
1532
57
1924
1688
1559
1724
1685
1926
1927
1928
469
57
1796
57
116
1688
116
1929
1685
1747
1539
1700
1088
1761
1831
1931
1932
1936
57
1700
57
1143
1144
1700
57
116
1929
57
116
1492
57
1532
1905
1903
1780
1929
57
116
57
116
1937
57
23
63
1688
1532
57
1724
1688
57
57
1713
1943
1693
20
57
1685
57
1735
1713
1945
1946
125
57
116
57
162
1792
1951
1937
1780
1480
1725
1688
108
57
125
1532
57
125
1685
1532
1954
1480
57
1688
379
1957
1700
1532
1959
57
44
57
1763
57
116
1745
1480
471
57
715
57
1898
1962
1532
57
1752
1532
57
57
1687
1532
1458
57
652
1866
116
57
1164
52
57
1970
63
61
1971
1707
57
1970
63
61
1755
57
125
1976
63
61
1828
57
1703
57
493
1981
1957
57
1688
1983
57
116
1970
63
61
116
125
57
1986
1879
1987
1970
63
61
116
162
3
1970
63
61
20
2001
2002
1970
63
61
2007
715
57
1868
57
1532
1688
493
1981
2013
1697
2014
1970
63
61
57
1688
1853
1756
57
1688
1688
57
1735
1512
57
1687
116
57
125
1979
1704
500
1761
116
57
57
1763
2018
2019
1686
57
1970
61
63
2007
57
1688
17
52
57
57
1697
1836
57
1088
17
2000
57
2013
2000
57
2013
1954
57
1532
1786
1730
1729
1970
63
61
1970
63
61
1877
57
1734
57
20
1697
500
2027
1707
116
1929
57
1970
63
61
1761
57
1929
1866
116
57
116
57
125
2032
57
1512
1784
57
1703
1458
57
652
2035
1717
57
1458
1967
57
57
1929
1539
1760
1705
2038
1688
1929
1756
493
57
1532
116
57
125
488
57
652
1929
118
1990
2039
1853
500
116
1532
57
1724
652
57
988
1704
2000
1867
57
125
1688
1088
1957
2044
57
2045
2044
57
2045
20
1780
116
1578
57
1509
2040
57
1990
1750
57
1900
2053
57
1688
2053
57
1688
57
1686
1910
57
1906
1921
471
57
2057
1752
1701
1705
57
1685
1695
125
57
116
57
2061
1792
57
1687
1719
2063
1143
57
1340
116
57
116
125
57
57
500
1704
125
57
116
1735
57
493
125
116
57
57
1539
1929
2037
1780
2072
20
1707
1780
1929
57
1756
1866
57
116
1814
57
116
1807
1792
57
2079
2080
57
1759
116
57
1759
57
116
1756
1707
2027
1929
57
116
1906
2080
1877
57
1982
1339
1688
2088
23
1716
57
1688
1688
20
57
1685
1705
2093
57
162
1923
57
1703
1929
1756
57
1688
2068
57
1688
57
1686
1687
1144
57
1853
1945
20
1686
1945
20
1686
1756
57
1688
1784
57
1532
1700
1745
1929
1685
2097
57
2068
118
57
2068
118
57
2068
118
57
162
116
57
1735
1707
57
57
1743
1767
2100
57
116
1930
1780
2101
1767
1532
57
116
125
57
125
57
1982
2115
2116
1780
2068
118
57
1929
64
57
2068
118
57
1339
64
116
2068
118
57
1743
1861
1780
1492
57
1532
57
125
116
1879
2119
2120
2120
57
1784
1775
57
116
477
57
652
493
57
2068
1739
57
1688
1758
1688
57
1703
1688
57
1703
1688
57
57
1894
2124
57
1894
2124
1685
1688
57
57
1929
1853
57
1707
64
57
64
1707
57
64
1707
57
64
1707
1707
57
1688
715
57
1716
125
93
2127
1971
1707
2027
1458
652
57
2129
64
1780
108
57
1532
57
2130
116
1687
1532
57
57
2127
2131
2027
57
1688
125
2088
1144
57
125
44
20
1973
1693
57
1785
1784
57
125
1088
1539
2027
1707
1866
57
116
1512
57
116
57
1816
1704
2136
2137
1780
1693
57
2062
1924
1780
1532
57
1924
1785
57
1751
1686
57
1686
1751
2143
57
125
379
57
116
57
1853
1616
57
733
20
57
162
1732
1707
57
116
1774
1710
1780
2154
1705
2093
1990
1687
57
1774
1710
1780
2155
1780
118
125
116
57
20
1780
1903
1929
57
116
57
1143
1144
57
116
125
57
140
2088
57
1532
116
57
64
118
1688
1886
1816
2158
1875
1792
1739
57
1688
1739
57
1688
1853
1616
125
1480
57
1853
2034
57
1853
1616
1532
57
2159
57
652
1983
57
1532
1616
125
57
1898
1903
1790
1771
1539
1772
1686
57
1532
1760
57
1532
1708
1742
57
1708
1742
57
57
125
116
1750
57
1700
1706
1748
1685
1708
1742
57
1708
1742
57
1708
1742
57
57
1588
17
57
1532
1687
1708
1742
57
1719
57
1687
57
116
1708
1708
1742
57
1512
57
116
1739
57
1685
1737
1704
57
57
1734
652
57
1729
1730
57
1727
1728
1616
57
1688
57
1687
1532
1688
1722
1723
1718
942
1189
20
57
1710
1739
57
1688
1739
57
1688
2158
1875
1792
1688
1886
1816
57
64
118
57
1532
116
57
140
2088
57
116
125
116
125
57
57
1143
1144
1929
57
116
20
1780
1903
125
116
57
2155
1780
118
1774
1710
1780
1990
1687
57
2154
1705
2093
1774
1710
1780
1707
57
116
57
162
1732
57
733
20
379
57
116
2143
57
125
57
1924
1785
1924
1780
1532
2136
2137
1780
1898
1903
1790
1616
125
57
1983
57
1532
1616
1532
57
2034
57
1853
1480
57
1853
1853
1616
125
57
1853
1616
57
1686
1751
57
1751
1686
1693
57
2062
57
1816
1704
1512
57
116
1866
57
116
1539
2027
1707
57
125
1088
57
1785
1784
57
125
44
125
2088
1144
2027
57
1688
57
2127
2131
1687
1532
57
57
2130
116
1767
1532
57
1735
1707
57
1743
1780
1861
57
500
1704
2063
1143
57
116
57
125
1786
1730
1729
1752
1532
57
1962
1532
57
715
57
1898
57
116
1745
44
57
1763
1532
1959
57
379
1957
1700
1480
57
1688
1532
57
125
1480
1725
1688
1951
1937
1780
57
162
1792
125
57
116
1713
1945
1946
1685
57
1735
1693
20
57
57
1713
1943
1724
1688
57
1688
1532
57
57
23
63
57
116
1937
1929
57
116
1905
1903
1780
1492
57
1532
1929
57
116
57
1143
1144
1688
116
1929
1688
1559
1724
1868
57
1532
1885
57
1886
1458
57
652
1735
57
1685
1459
57
652
116
57
125
57
1829
471
1458
57
652
57
116
1716
1688
1480
1578
1512
1752
1480
1738
57
1745
1738
57
125
2159
57
652
20
1973
1693
1814
57
116
1480
471
57
108
57
125
1700
57
116
1685
1532
1954
1685
57
1686
1936
57
1700
1831
1931
1932
1700
1088
1761
1685
1747
1539
1796
57
116
1928
469
57
1685
1926
1927
1532
57
1924
116
1747
1700
1792
1923
1532
1917
1688
57
1759
116
1834
57
1816
1704
57
1915
1688
1909
1792
57
1906
57
1688
1775
57
116
1700
57
1088
1907
1908
1792
1907
1908
1792
1816
1730
1729
1811
1780
1903
1811
1780
1903
116
57
125
1890
1901
57
1759
1899
125
1719
57
1532
1719
57
1532
1896
1897
1780
125
1685
116
125
93
2127
1892
57
116
57
1761
116
1687
1532
57
1882
1144
1532
1695
1878
1879
57
1143
1144
125
57
1873
1700
116
57
1532
57
1816
379
57
1532
379
57
1532
1700
57
116
17
57
414
379
1863
1864
1792
1813
1854
1687
1532
57
1824
1704
1849
1685
57
1767
1685
1767
57
1685
1767
57
1685
1767
57
1685
1814
1846
1685
1767
57
1843
1686
57
116
125
57
1830
1801
1688
1685
57
1532
108
57
1532
2129
64
1780
1458
652
57
1971
1707
2027
1685
1767
57
715
57
1716
1707
57
1688
57
64
1707
57
64
1707
57
64
1707
57
1707
64
57
1929
1853
1685
1688
57
57
1894
2124
57
1894
2124
1775
57
116
1703
1688
57
1759
116
1834
1703
1688
57
1758
1688
57
1739
57
1688
493
57
2068
477
57
652
1820
57
1688
1775
57
116
2120
57
1784
1879
2119
2120
57
125
116
1492
57
1532
1743
1861
1780
1686
1685
57
2068
118
57
1339
64
116
2068
118
57
1929
64
57
2068
118
57
2115
2116
1780
125
57
1982
116
125
57
1814
57
116
1770
57
116
1930
1780
2101
2100
57
116
57
1743
1767
162
116
57
2068
118
57
2068
118
57
2068
118
57
1685
2097
57
1700
1745
1929
1784
57
1532
1756
57
1688
1945
20
1686
1945
20
1686
1144
57
1853
57
1686
1687
2068
57
1688
1756
57
1688
57
1703
1929
57
162
1923
1685
1705
2093
1688
20
57
1716
57
1688
1688
2088
23
57
1982
1339
1906
2080
1877
1929
57
116
1756
1707
2027
1759
57
116
1759
116
57
2079
2080
57
1807
1792
57
1814
116
125
1866
57
116
57
1814
1826
1929
57
1756
20
1707
1780
2037
1780
2072
57
1539
1929
125
116
57
1735
57
493
125
57
116
57
1786
1824
116
125
57
1340
116
57
57
1687
1719
57
2061
1792
125
57
116
57
1685
1695
1752
1701
1705
471
57
2057
57
1906
1921
57
1686
1910
2053
57
1688
2053
57
1688
1750
57
1900
2040
57
1990
1578
57
1509
1144
57
1532
20
1780
116
2044
57
2045
2044
57
2045
1867
57
125
988
1704
2000
1724
652
57
116
1532
57
2039
1853
500
1929
118
1990
488
57
652
116
57
125
493
57
1532
1688
1929
1756
1760
1705
2038
57
1929
1539
1458
1967
57
57
1707
118
2035
1717
57
1458
57
652
1784
57
1703
2032
57
1512
1866
116
57
1761
57
1929
1970
63
61
116
1929
57
125
116
1088
500
2027
1707
57
20
1697
1877
57
1734
1970
63
61
1970
63
61
1954
57
1532
2000
57
2013
2000
57
2013
57
1088
17
57
1697
1836
17
52
57
2007
57
1688
1970
61
63
2019
1686
57
57
1685
1688
57
1763
2018
1761
116
57
1979
1704
500
116
57
125
1512
57
1687
1688
57
1735
1756
57
1688
57
1688
1853
125
57
23
1970
63
61
2013
1697
2014
1688
493
1981
116
1743
57
1868
57
1532
2007
715
57
1970
63
61
20
2001
2002
116
57
125
1970
63
61
116
162
3
1970
63
61
1986
1879
1987
116
125
57
1970
63
61
116
1743
57
1983
57
116
1957
57
1688
57
493
1981
1828
57
1703
1976
63
61
1755
57
125
1970
63
61
57
1687
1810
1971
1707
57
1970
63
61
1164
52
57
1866
116
57
1458
57
652
57
1687
1532
57
1704
1687
1702
1801
1802
1688
1728
1795
1688
1793
1794
1789
1790
57
1789
57
1790
57
24
1788
1708
1742
1778
1687
57
1532
1779
1780
1781
1708
1742
1778
2167
2168
61
888
61
277
888
61
2171
2173
43
1770
888
63
61
2171
61
2175
2177
61
2178
1762
2171
888
2171
61
2181
23
2171
61
2185
61
1877
2184
63
61
2084
63
61
1385
61
2189
1385
61
2192
2192
1385
61
438
1073
140
2046
2195
2174
23
61
2196
23
2196
61
2199
61
2191
2199
63
61
2174
61
2204
2205
61
63
2189
61
2178
277
63
61
197
61
410
2207
61
2208
197
61
410
197
61
2207
884
2171
61
2171
61
884
2209
2175
61
2212
2175
61
1180
2213
2214
1385
2215
2216
2215
61
1385
697
61
2208
420
63
61
93
61
63
93
63
61
379
61
63
2127
93
61
420
63
61
2131
61
2205
2209
2175
61
93
63
61
2228
61
1339
2230
63
61
2227
61
2127
420
63
61
186
61
2208
697
2208
2233
1138
2234
61
2234
61
1138
2172
61
2208
2235
61
2175
982
2237
1173
1934
61
2208
1934
61
2208
2207
2239
2131
8
63
61
2244
2245
2246
2248
438
61
2203
61
147
2203
61
147
722
61
63
2203
61
63
2203
61
63
2249
61
63
158
61
63
490
61
431
431
63
61
158
61
63
2256
490
61
431
490
61
431
61
140
2253
61
197
2202
2265
61
2265
2202
61
2203
61
2063
1211
948
1001
158
61
1059
158
61
1059
722
61
63
1559
2270
61
157
61
1559
2194
61
2276
277
2278
61
1154
63
61
850
454
475
2180
61
63
277
61
140
15
63
61
15
63
61
1058
61
47
722
61
63
1210
33
2283
277
63
61
1188
61
2211
2278
157
61
2278
8
850
2287
2288
2289
2276
2178
61
1210
431
61
866
63
61
2280
61
2290
128
61
2203
8
61
2292
1182
61
1059
1210
61
2203
1559
15
1155
2175
61
63
2298
61
2175
2300
61
2295
2127
1692
1559
1559
63
61
1784
61
63
1784
61
140
2300
61
2295
2270
61
2204
1155
1133
61
535
157
61
2199
63
61
2174
61
2175
158
1059
1063
1059
1063
158
210
8
61
2174
63
61
501
1138
61
1559
63
61
2316
61
1559
2270
61
63
475
61
1138
437
63
61
1138
61
2211
1559
61
63
1188
61
1138
1138
2277
61
1687
1588
61
1138
2277
61
1138
2277
61
2320
61
1188
1502
63
61
2320
1188
1193
1138
63
61
2127
61
63
1138
2277
61
1138
61
2311
1138
2329
2211
1193
61
1138
116
2127
61
2194
61
2331
722
63
61
722
63
61
1188
61
1138
277
63
61
2203
61
2063
2203
61
1138
2310
61
1138
2203
61
1138
2204
61
63
15
63
61
2338
2
1384
2286
2277
61
2339
438
1705
2
61
2203
2342
61
475
1384
61
2345
710
1138
61
2174
437
61
2174
61
437
1063
1138
61
1203
63
61
1203
61
1138
1203
61
1138
2211
2349
2350
1063
1138
61
1058
2351
61
1138
1408
61
1408
1138
61
1063
1138
61
2342
1138
61
2332
61
1210
2189
2178
61
2355
61
2
1384
61
63
2311
63
61
2292
61
63
2332
61
1210
2354
1138
61
2292
61
63
2292
61
63
1559
2357
15
206
63
61
1559
63
61
2361
2203
61
1384
2270
61
2366
1384
61
2174
61
2178
1384
61
2178
111
61
63
2178
2367
206
1138
1384
61
1384
61
1138
1384
63
61
1381
61
1384
2371
61
63
2371
61
63
2194
61
2175
206
63
61
2373
61
63
2181
2373
61
1935
2311
61
883
63
61
2194
2175
61
1385
23
140
1385
63
61
883
2379
2373
1385
61
2382
1385
8
61
8
61
1385
2385
61
1875
697
61
157
1559
1534
2204
1559
2088
140
2380
63
61
2204
61
63
2204
61
63
722
63
61
722
63
61
1559
63
61
1559
1724
2099
411
61
2174
2391
61
410
722
63
61
1559
63
61
2391
61
410
415
2398
61
2391
61
410
2400
61
410
263
61
63
2393
63
61
2401
61
410
244
63
61
2401
61
410
93
63
61
2401
61
410
2401
61
410
2406
61
1559
1559
93
61
93
1559
61
2401
61
410
1559
2088
140
2261
61
2205
2180
63
61
1559
2088
140
23
63
1559
263
63
61
1559
61
63
1559
61
63
1559
63
61
1559
63
61
263
63
61
2204
61
157
2194
61
157
1164
61
1705
2341
61
2419
1559
61
63
2204
61
63
2422
61
277
2422
277
61
2391
61
410
1559
2088
140
1559
61
63
263
63
61
722
63
61
2332
61
128
722
63
61
2435
61
431
2332
61
128
2174
277
722
2431
61
2434
1472
61
431
210
61
2429
2419
1705
61
2192
61
2376
379
63
61
93
43
104
2395
61
2394
884
61
186
2395
63
61
197
61
410
432
61
2174
1152
61
410
2046
2178
61
197
61
410
1409
61
63
866
63
61
883
63
61
2465
63
61
2374
61
63
722
63
61
1144
63
61
2374
63
61
2172
61
2208
2374
63
61
2374
61
63
1588
61
147
2046
61
63
93
63
61
379
63
61
197
61
2253
93
63
61
197
61
410
2046
61
1385
2050
61
2175
2050
61
2175
2046
61
63
2209
61
2175
2079
61
63
2046
2433
2486
2235
61
2175
2235
61
2175
850
61
8
2191
140
61
2191
140
61
1138
61
186
186
2488
61
186
61
2203
186
1138
2211
2491
2253
186
420
186
1470
186
1138
2211
1559
140
61
2204
63
61
1559
2299
61
2191
2278
2204
2270
61
2278
2373
2191
61
1559
61
63
277
2270
61
2270
61
277
277
1559
140
1559
61
63
2194
61
63
2373
2270
2191
1559
2497
2498
1559
2298
157
1559
63
61
1063
61
2213
1063
2502
2503
1138
186
2211
2213
61
186
2213
61
2175
1203
1058
1211
1414
61
2213
1414
2213
61
722
140
61
535
2178
61
535
186
61
535
61
63
535
63
61
186
1138
2211
63
140
61
2489
186
1559
2276
2178
61
2508
186
61
206
61
63
2513
61
2175
2357
61
1559
2515
61
63
2046
61
63
197
61
410
1409
61
63
866
63
61
883
63
61
2465
63
61
2374
61
63
722
63
61
1144
63
61
2374
63
61
2374
63
61
2374
61
63
197
61
410
2209
61
2175
2235
61
2175
2235
61
2175
850
61
8
197
61
410
432
61
2174
1152
61
410
2270
1384
61
722
63
61
2270
61
1384
884
2521
186
2084
63
61
722
63
61
884
61
2084
2270
63
61
2084
61
63
2270
63
61
722
63
61
722
61
63
2084
63
61
2084
63
61
2270
61
2225
2270
61
63
722
63
61
722
63
61
722
63
61
722
2270
61
884
61
2270
2270
61
884
2084
61
2174
2084
61
2174
2084
61
2175
2084
63
61
197
61
410
197
61
2253
197
61
2253
197
61
410
197
61
2253
197
61
410
981
38
2205
197
410
61
2167
2168
61
2167
2168
61
1011
63
61
1011
61
2380
1011
61
2380
1970
277
2529
1970
277
2529
535
63
61
1970
63
61
1970
1
41
1970
63
61
1970
63
61
1976
63
61
1970
63
61
1970
63
61
1970
63
61
125
63
61
1970
63
61
1970
63
61
1970
63
61
1970
63
61
1970
63
61
1970
63
61
1976
63
61
1970
63
61
1970
63
61
1970
63
61
1970
63
61
1970
63
61
2177
63
61
1970
63
61
1970
63
61
1970
63
61
1970
63
61
1970
63
61
1970
61
63
1970
63
61
1970
63
61
1970
63
61
1970
63
61
1970
63
61
1970
63
61
1970
63
61
1970
63
61
1970
63
61
1970
63
61
1970
63
61
1970
63
61
1970
63
61
125
63
61
125
63
61
125
63
61
1970
63
61
1970
63
61
1970
63
61
1970
63
61
535
63
61
1761
61
63
535
63
61
535
63
61
1970
277
2529
2074
61
1385
2074
61
1385
2074
61
1385
2074
61
1385
2074
61
1385
2074
61
1385
2074
61
1385
421
61
2175
474
2175
61
437
61
2063
2476
61
2372
1578
52
61
1385
63
61
1934
61
2547
1934
2542
2550
1934
2270
2542
2270
1934
2542
2553
61
2175
2084
1934
2542
2217
2216
2554
415
2555
2556
567
802
825
802
1307
2562
802
52
76
802
2563
2564
2561
76
802
2558
46
76
2561
76
802
802
76
52
52
802
76
802
33
2561
33
2561
802
2561
802
33
52
33
76
2558
52
76
2558
76
52
46
33
76
781
2589
2588
781
2589
2588
578
781
683
584
692
96
2591
138
781
138
2587
781
571
138
781
138
45
69
2591
1324
1282
1324
2591
781
1324
2591
781
2594
772
781
2591
1324
781
548
138
781
802
781
138
138
781
789
138
540
781
2599
138
781
781
2601
2602
2604
79
201
2605
79
201
2604
79
201
2604
79
201
107
4
84
1416
2350
501
2652
84
2655
2652
84
2655
2653
2657
2658
1416
501
2350
2650
84
2655
2553
84
2655
1391
722
84
2652
2664
2519
2653
2665
2666
244
63
61
244
63
61
2686
2687
2688
116
2457
2213
2696
2695
2457
2697
2457
2152
2700
2457
1408
2706
1408
2457
2706
1408
2457
2704
2707
2708
2710
24
2213
2710
2311
446
2710
2311
446
2710
446
2311
2710
2711
2544
2712
2457
1414
2712
2457
1414
2696
2457
1414
2714
2137
2716
2553
109
18
2553
18
109
2553
18
109
2553
18
109
109
2662
2553
109
2652
2553
109
2719
2718
109
2720
2718
109
710
2661
109
2721
2722
109
2723
2724
109
2553
130
109
2718
2725
34
113
109
2015
109
113
2727
109
113
2764
110
2765
558
559
560
772
110
2771
2772
2765
2773
687
2765
2775
636
2765
537
596
2765
2782
636
2765
537
636
786
110
509
571
557
509
571
557
2790
636
110
2772
2765
2773
636
2765
537
1324
635
110
635
110
1324
687
2765
2793
2772
2765
2773
785
1278
2796
2768
2765
2782
636
2765
537
687
2765
2798
687
2765
2799
2800
2765
2774
635
110
2797
509
571
557
2766
531
2805
2806
2765
2782
636
2765
537
636
2765
537
2781
781
1278
510
110
636
636
2816
110
2816
636
110
523
624
2803
68
110
786
636
110
786
557
110
787
509
571
557
53
110
786
2822
110
537
636
510
110
636
110
786
786
68
110
636
2765
537
509
571
557
2827
110
772
509
571
557
1716
116
2839
2851
715
535
2858
2859
2860
714
1413
1416
714
535
1718
2860
1929
714
2869
1929
714
273
714
1718
2870
2871
714
2881
20
535
1718
715
535
1718
535
2893
1898
535
116
715
125
1761
2906
2908
126
2920
2936
2937
415
2941
126
2948
2949
2950
2948
2949
127
2948
2949
127
2948
2949
127
2948
2951
2949
2948
2951
2949
2948
2951
2949
2948
2952
2953
2948
2949
2955
2948
2949
2950
2948
2949
2950
2960
2961
127
990
127
255
1420
2966
127
2965
127
2966
2959
2969
127
2965
2969
127
2959
127
2972
2973
2966
127
2959
2961
127
2960
2974
2959
2973
2965
2977
2959
127
2978
2959
2961
127
2959
127
2961
2960
2969
127
990
127
2969
2971
127
2961
2976
2961
127
2959
127
2969
990
127
2969
2962
2969
2980
990
127
2969
2977
2966
127
2962
2963
127
990
127
2969
2977
2966
127
2961
2960
127
2961
2960
127
2966
127
2982
2977
2966
127
2959
2969
127
2961
2960
127
2965
127
2983
2965
127
2966
2515
2496
2985
2992
2730
131
407
131
2996
1390
131
2998
3001
3002
131
3001
3002
131
1228
2993
131
1228
131
3002
3005
131
130
32
3006
131
3001
131
3002
3005
131
2660
3005
131
130
3005
131
4
3001
3002
131
3005
131
2660
2991
131
3002
113
131
109
407
131
121
1228
131
3002
3001
3002
131
2991
131
3002
3008
2997
131
2991
131
3005
3001
131
3002
3001
3002
131
3001
3002
131
3001
3002
131
3001
131
3002
1228
3002
131
3001
3002
131
1416
2991
1229
2991
131
3002
1228
3002
131
2991
131
3009
2991
131
3002
2991
131
3002
1228
3002
131
1228
131
3002
2991
130
131
2991
130
131
2991
2966
131
2991
3008
131
1228
131
3002
2991
131
3002
3002
131
3012
3001
3002
131
3014
131
3016
3005
2730
131
1228
131
3001
92
1390
131
3011
131
2615
2965
131
92
114
132
1209
1933
132
61
3030
3031
132
2494
475
132
61
1866
379
3039
1198
1203
3041
132
3042
3043
2213
3044
1427
1059
3046
1058
1059
5
3049
1058
1059
3010
3049
1059
2346
1185
1059
3050
1059
2457
3052
55
1059
3048
104
1059
1866
2697
1059
1470
490
2203
3055
3056
3057
3055
3056
3057
1211
73
1059
496
1059
1206
3049
1206
1059
1185
950
1059
3048
1063
1059
3038
2213
1059
1771
1059
3070
3071
3072
3073
3075
1059
950
1203
3076
3077
1209
1059
114
3078
1198
3079
1188
2346
1059
158
61
1059
1469
2253
3085
1058
1198
1059
1210
3088
3090
1210
2697
1059
1182
1059
2354
3088
1059
1182
3093
1179
2544
3088
1210
1059
2544
3095
1179
3091
15
1059
2258
1059
3089
410
2697
1059
1414
1059
2697
906
3088
3090
1210
1059
55
55
132
3022
186
3103
3104
3106
132
3105
3029
1334
132
3106
3111
3029
186
43
132
1417
114
132
3114
3115
132
2234
132
1218
3105
3106
132
3106
3105
132
197
132
1666
3103
3122
3123
3022
61
186
3106
3105
132
3030
3031
3128
3022
1339
1188
3030
3031
3128
114
132
55
197
132
3105
3135
132
3133
2395
1838
3022
2395
1838
3022
1766
1771
132
61
132
3029
61
3146
3147
3115
55
132
3022
132
1185
3105
197
3151
2302
43
132
197
132
3105
3027
2166
186
186
3115
435
3154
132
1347
114
132
3022
1185
3106
132
2395
3089
3022
3140
1198
132
3140
1198
132
3165
1772
132
61
132
43
3140
1198
132
197
132
3106
1185
3106
3170
3022
132
114
1413
132
104
3166
3174
3089
2093
1334
132
1429
132
1436
3022
132
114
3029
1414
132
1214
132
1209
3185
132
3186
3188
132
3189
1185
3106
132
1218
43
132
61
43
132
1185
3202
132
2268
1185
132
1185
3106
132
1198
132
410
3070
132
114
1214
132
1198
1203
1058
55
186
1340
132
114
132
1058
1214
132
3206
114
132
1205
1417
132
1209
55
3172
3194
61
3029
132
3029
484
2657
61
132
43
1214
132
2030
3029
3216
1771
55
132
114
3029
3216
1771
1194
43
1334
3114
3222
3028
1116
1414
132
3066
132
1436
3029
3224
3216
3066
132
1436
61
132
3227
3230
132
1436
3029
1771
132
3029
2166
132
3037
3143
1209
3242
3243
3244
3242
3244
3243
3245
3243
3244
3245
3243
3244
3249
3244
3250
3251
3244
3252
3252
3244
3254
3257
3244
3243
3264
3244
3243
3260
3244
3243
3243
3266
3244
1979
1704
3267
1979
1704
3267
1979
3243
3244
1979
3244
3243
1979
3244
3243
1979
3243
3244
1979
2146
500
1979
3243
3244
3270
3244
3243
3243
3244
3266
3243
3266
3244
2064
3244
3243
2064
3243
3244
1749
3244
3243
1749
3274
3275
3279
3243
3244
3279
3282
3244
728
3244
3243
3294
3243
3244
3294
3243
3244
3294
3243
3244
3294
3243
3244
3243
3070
3244
3243
3266
3244
3243
2064
3244
3106
132
1666
3140
132
3326
1218
132
2234
3140
132
3326
61
1218
2234
1218
1705
61
1218
43
132
3115
3152
2177
2234
23
2380
2234
132
61
2234
3329
3107
1218
43
132
2308
132
1218
1218
132
43
3140
3326
3331
3075
2346
1059
3075
1059
950
1185
3336
1059
2717
938
1059
3143
132
25
3143
115
132
1185
114
132
950
3339
1059
2182
3341
41
1347
1338
143
365
143
1338
1339
1416
143
3363
148
98
3363
98
148
2676
148
3364
2676
148
3364
