8004
8003
782
875
13458
13449
13459
2082
7579
3815
6865
3374
4601
8920
8436
8919
4599
8635
8636
3583
9889
4982
3591
8134
4101
1951
2230
12389
4123
4122
4121
3637
8444
3583
3575
8174
3657
3648
3583
3575
1775
1774
1751
1046
7021
1758
7020
1753
4426
4356
4360
4362
3687
8176
3591
8289
1737
7467
3719
7468
102
248
352
20
12604
12455
3445
3383
3530
1266
5
4095
166
102
349
20
8522
8206
3116
3575
8786
8791
3575
8777
2858
4039
6622
1025
7579
7582
5707
3374
2022
2858
3745
5
2950
2951
2882
2908
7563
4771
3683
3630
8137
8721
3583
8553
4601
8920
8919
8603
1057
7383
7491
7492
8379
4982
3648
9963
4771
4066
3777
4519
3657
3648
8772
3575
7579
2931
13471
2082
1025
2917
6875
2933
5716
5717
5707
1091
9021
8118
4601
9022
4276
8757
3583
5721
4771
5
7472
1037
8834
4601
9371
8777
4329
4545
12170
3571
1094
4498
3861
4528
6966
2971
1046
6865
4602
8727
3575
8777
13725
13734
13771
4407
2858
6859
6858
6857
3653
3619
3583
8874
4601
9354
8199
8970
8756
4276
3583
5721
14905
15261
15262
14933
3619
5
4073
741
7568
4771
7480
410
8130
4601
3575
8174
14774
1937
7621
3522
7626
7625
7616
7592
8379
2793
8522
4982
3909
5476
3788
1091
6240
6241
6243
6242
560
7431
2233
7369
13342
14252
14253
6560
9889
4982
2051
3591
2793
4982
7728
3637
3273
3492
1202
3490
3653
6849
3345
875
3661
3657
3421
3658
5442
5441
5443
5444
2882
2889
2947
2948
7592
7579
7593
3374
4771
4353
4066
4519
878
1046
1283
1944
4276
3583
8715
5721
7279
7280
9531
9530
12328
12327
12326
3293
7368
560
2233
7369
3523
3526
3527
3522
7579
13494
13496
2082
6633
1266
141
3571
1924
4827
5
1295
964
2937
2904
2882
4276
3583
8211
5721
1223
1224
878
1225
715
3963
3619
1091
3790
3960
3891
3789
4364
4340
4356
4350
1004
1007
1005
1006
3771
4416
1809
4417
12956
12951
12961
12960
9230
9920
9922
9921
4601
4982
8297
8605
15254
2915
14933
15253
8672
8881
8885
5
2793
8242
3575
4160
4601
8920
4606
8919
715
1958
4996
1295
5
141
11663
3373
5442
5443
9532
9533
3790
3891
3789
3986
5716
3886
4104
3975
7579
13465
2888
2082
7579
3815
7582
3374
7382
560
7354
7369
715
5250
5266
1295
715
560
7350
7411
4601
4982
8206
5469
4982
8242
3575
8134
1057
560
7357
7381
12043
2911
13952
13951
12956
12951
12963
13008
6932
6933
6931
2216
4426
4356
4352
4359
4122
3823
4121
3637
12313
5
12315
12314
8444
3575
1266
8174
4601
8920
8919
8952
3116
1036
3575
3672
2858
6858
6857
875
6621
4039
2858
875
5975
5976
5974
1375
2793
17
5
3672
4601
3596
3687
3575
102
364
458
20
1057
3553
560
7536
15410
2915
15409
15224
560
2233
7369
2105
4601
1937
7246
8134
9
3373
13523
2082
7683
7465
3729
782
8428
3591
8427
881
6434
3457
8034
1266
2095
878
2093
2094
560
7350
7381
7411
4100
12248
12249
4095
9397
4601
8834
9308
2793
4982
9193
3637
8834
8671
4601
8777
12068
12061
12069
3571
3500
3472
1202
3274
4426
863
4356
4447
3282
3491
3487
1202
3374
7579
7590
7587
13479
13449
13471
2082
11119
11159
3685
141
3383
12531
12747
5708
4601
8920
9275
9144
4599
4601
8402
8174
4599
4601
9132
8751
13477
7579
13447
2082
3646
4082
7843
782
8959
4601
8920
8919
8671
8120
8920
8919
337
102
347
20
6434
4601
3583
3575
8982
8224
4601
8928
8137
4276
3583
5721
11119
11159
11160
141
12259
3429
5
1037
560
3829
3840
3831
8206
3116
3575
3672
3687
8297
3575
3672
3653
1937
8206
4606
4982
3687
4160
2183
10022
10031
10055
1684
8224
4601
8436
8928
8130
4982
3116
3575
8224
4601
8922
8928
4276
3772
3583
5721
405
4104
881
7561
8783
9237
4601
8777
15210
3368
15207
15208
715
4790
1639
1295
4601
8920
8123
8919
3273
3487
1202
3518
6539
6540
6538
6537
3888
881
3719
1091
4646
5476
2872
1091
7592
7579
7590
3374
3445
1202
3516
3274
715
3637
1958
1295
4982
9544
8174
8134
8455
1028
3875
4153
2793
9944
9945
9193
1082
1083
878
1081
4771
7480
3437
3777
3790
3817
3810
3789
4601
3687
8436
3575
6963
6964
1758
6960
3523
3525
3524
3522
560
3757
3783
3782
3789
3819
3799
3915
7579
2914
7595
3374
2793
8122
5
3672
4276
3583
4606
3575
12338
12336
12333
12337
8664
3457
8444
8174
4601
8920
8919
8402
560
5304
881
875
964
2231
2971
2403
3653
4982
9907
3765
7747
8074
1109
782
3687
3591
8295
8296
3790
3891
3789
3799
6782
6780
9524
6781
7246
9949
8970
8134
2882
1758
2969
2048
1797
1306
1951
2230
13951
1025
2933
2887
6874
7579
7645
3374
3429
3619
5
1037
1988
560
4517
4519
13725
13740
4331
2094
8772
3575
8732
4253
4276
3583
7827
5721
9237
4601
4602
8777
8671
4601
3575
8116
6629
6665
2858
6666
3653
3583
1266
8874
4601
3687
8434
3575
3790
3789
3819
3799
964
2969
2956
2933
4167
4163
4154
4155
3653
1937
3575
8543
8029
11
782
875
1937
4982
3575
8134
13091
14400
14227
6560
100
102
364
20
8224
4601
3457
3575
4276
3583
8821
5721
15214
3368
15213
15199
8191
8175
8544
3672
4601
9246
8133
9248
3429
3777
5
1037
1025
13976
13974
13975
14086
4531
1844
14074
8130
4276
3583
5721
13970
1025
2917
2933
8444
8537
4601
8919
9749
4982
8447
9750
3357
3356
3358
1258
12279
12280
5
4095
2793
5718
3853
1091
889
876
883
875
11590
11217
11589
141
4122
3823
1958
4121
8783
9237
4601
4602
2977
5
1037
2887
3909
3790
3891
3789
8379
2793
4982
3591
4103
405
12290
4095
6874
7579
7598
3374
6434
3116
4606
3575
4074
5
4073
741
7647
12609
12455
3383
4601
3687
8206
3591
4276
3583
3602
5721
3653
3743
3583
8874
5119
5121
729
5120
4916
4276
8786
3575
7630
7631
7632
3374
4973
1024
1037
1295
8118
4601
8920
8919
7465
1028
3729
782
8117
4982
9544
8174
7647
12532
3383
12531
13951
2915
13963
13964
14416
14285
14415
6560
4032
12152
12273
4095
8711
3575
1266
8174
2971
2973
1046
2972
3611
2872
3373
1639
8114
3457
8191
3672
964
2904
2882
2232
3228
3227
3226
3225
715
538
5255
1295
2176
2882
2915
2883
14963
3380
1758
14950
7586
7579
4247
3374
6434
3116
3583
3575
2858
3888
3778
6670
8786
4602
3575
8715
8224
4601
8739
3583
3960
3966
3789
3981
4601
8910
3591
9073
3789
3937
3936
3819
5
1037
12288
3428
7579
7576
6875
3374
12319
12318
3583
8872
3437
4101
1951
2094
4601
9303
9308
9387
7608
7579
7595
3374
13581
13582
13584
13585
11273
11171
11474
141
1765
1774
1751
1046
2937
2904
2882
2916
7579
13502
13452
2082
4771
7546
4039
4104
560
3829
1809
3840
3777
7472
5
4095
1057
560
7350
7381
8064
782
875
8063
7279
7280
7281
5913
4982
8176
3591
5320
2858
6606
5
6607
6924
1758
2888
4658
2882
1025
2960
2887
4103
4302
4104
5
12279
12278
12280
4095
14928
14926
14927
14925
4601
8485
8431
9157
4601
8447
8933
8604
7579
7616
7610
7592
9748
8224
9541
9043
3653
3457
3817
1028
6946
1758
2971
6942
102
140
349
20
2931
13518
13519
2082
1958
3746
2048
1011
4365
4437
4456
4356
2889
5
1037
2082
4276
3583
8731
5721
8834
4601
9381
8777
4939
3548
3719
1295
8388
3687
3591
4275
2214
7014
1758
1753
2793
3575
8175
4282
749
746
748
747
9541
9540
8174
8134
1809
405
5
4095
8642
11372
11354
141
8737
4276
3583
8736
3566
3873
3870
3874
2858
6600
6858
6857
3790
3891
3789
3898
8103
8102
782
1639
3574
4276
3583
5721
7246
8928
8970
8567
3974
3789
3883
3975
3457
3817
1028
1266
7004
7005
1758
2971
7445
3932
3383
3811
8809
3583
8827
3575
1988
12409
12334
12408
4771
4039
4103
3427
4602
3575
1266
8777
12893
3383
3420
3373
4476
405
12322
12321
4276
3583
8732
5721
3643
3790
3789
3819
560
5
782
7688
14774
1937
7621
8897
4276
3583
4606
5721
8003
7998
782
875
1300
1301
878
1299
6159
6160
3225
6161
715
560
2233
7369
3574
4601
8920
8919
4601
3687
3591
3575
2793
4276
3583
5721
12594
12455
3383
12593
2858
6849
3345
6853
13973
13951
13972
1025
3869
3865
3831
3843
8390
3687
3575
4130
1765
1751
1046
7045
8828
8786
4602
3575
2793
8435
2182
1266
8117
2793
8242
3575
6909
2938
1758
6872
1758
1748
1753
2216
1765
2152
1751
1046
1057
7401
7351
7400
2793
4982
9907
3765
13599
13597
13598
1958
4601
8944
8920
8919
8920
8590
8919
8177
4416
4417
4352
4091
12543
12542
12544
3383
13545
13544
13543
2082
4601
8920
8919
8958
8671
8375
8444
4601
7382
560
3805
7369
4982
8206
8449
4282
7579
7614
6865
3374
6874
4247
7610
3374
6872
1758
2971
2216
11312
8951
1045
141
2793
3591
8242
3575
1057
560
3719
4658
12279
12280
875
4095
8238
8237
8239
8236
1057
7383
4505
7381
