150
3
153
154
155
210
216
217
7
218
221
222
7
223
224
209
226
227
7
222
209
241
247
248
7
251
7
222
225
252
260
7
222
225
252
251
7
227
213
222
251
7
227
213
222
260
7
268
222
134
260
7
268
222
134
260
268
222
134
7
210
217
216
7
218
226
7
222
247
209
209
7
241
248
247
226
209
247
7
248
209
247
7
226
248
294
295
296
297
298
301
302
7
303
304
291
350
351
352
7
210
216
376
377
7
373
379
367
380
381
373
379
367
380
381
221
222
7
223
224
209
213
222
7
226
226
209
213
222
7
209
226
227
7
222
210
216
217
7
218
373
7
227
209
241
227
7
397
222
398
227
7
397
222
398
228
216
7
227
397
235
406
404
407
405
408
211
409
227
7
235
149
410
7
411
235
405
407
404
406
209
241
247
248
7
260
7
268
222
134
251
7
227
213
222
251
7
227
213
222
251
7
227
213
222
209
7
222
213
241
260
7
222
268
398
260
268
222
134
7
421
227
7
222
397
421
227
7
222
397
421
227
7
222
397
421
227
7
222
397
421
227
7
222
397
379
227
222
397
7
379
227
222
397
7
379
227
7
395
397
260
7
222
225
252
251
7
222
225
252
260
7
268
222
134
260
268
222
134
7
260
268
222
398
7
260
7
222
268
398
260
7
222
268
398
425
125
393
426
427
425
125
393
426
427
210
217
216
7
218
210
7
227
228
217
226
7
222
247
209
226
209
247
7
248
209
247
7
226
248
209
7
241
248
247
446
447
448
449
450
453
454
455
456
457
458
455
463
464
465
471
472
473
15
8
469
8
443
491
453
502
458
503
504
505
502
464
504
463
506
511
512
513
514
515
511
516
513
517
518
511
17
519
520
521
574
575
576
577
578
511
17
544
572
520
627
17
628
531
629
639
640
520
641
642
511
518
643
520
544
645
690
691
692
693
587
46
17
621
706
708
567
709
643
518
511
17
520
643
518
566
715
716
516
110
457
469
767
21
768
469
767
21
457
768
566
715
716
516
110
566
715
716
516
110
790
571
27
68
138
571
790
138
27
68
792
789
545
45
36
571
790
138
27
68
566
715
716
516
110
53
27
110
511
544
807
817
36
545
27
807
817
36
545
27
566
715
716
516
110
206
831
272
6
203
846
847
848
849
850
272
6
866
206
831
6
272
831
866
203
890
37
886
885
887
886
883
894
895
893
898
37
883
899
900
37
883
898
899
900
37
883
898
899
900
37
883
898
899
900
37
914
915
888
892
37
886
917
887
885
922
927
37
928
887
37
932
889
899
887
939
940
941
37
942
887
953
951
888
954
37
886
888
941
885
37
73
923
958
887
935
37
885
932
887
935
886
37
73
958
887
37
916
912
898
922
927
37
928
887
50
982
984
40
985
1001
1002
916
1003
40
40
1043
1044
1042
909
1045
1046
909
1047
40
551
46
36
1070
1071
1086
1087
1088
1089
46
1090
1091
46
52
1092
1058
52
1098
1099
1100
545
1103
46
1104
1105
984
46
986
1124
1125
1137
1091
1062
46
52
1148
539
1104
1130
46
1159
1162
1163
686
551
1176
47
87
1184
55
1189
1195
1183
47
1196
1204
1183
1136
47
1205
55
1189
1206
90
47
1045
1050
1174
47
55
1186
1212
884
1213
1170
807
1267
819
1268
1269
53
804
45
52
1273
807
819
804
53
788
804
53
1285
824
1286
1267
1294
1270
53
804
1234
790
716
68
112
1234
45
53
20
112
790
53
1234
68
716
790
53
1234
68
716
1331
1332
1333
1334
1335
54
1328
136
117
83
1180
54
114
1203
428
1315
1045
54
1342
1197
1315
1342
1045
54
90
1315
54
1045
1342
90
1369
54
1370
1371
1349
206
1377
1354
1037
54
1315
1324
54
25
90
1384
54
1385
1386
509
1315
1342
79
450
1195
1457
1458
1459
1460
1461
1447
56
1445
1470
1452
1498
56
1499
1500
1501
1502
56
1503
1504
1481
1457
1461
1459
1460
1458
111
118
140
23
63
1498
1534
1499
1527
56
1498
56
1499
1447
1451
1465
1555
1447
1556
1398
1498
1527
1447
1567
1499
1498
1534
1499
1527
56
1498
806
1499
1447
1466
1498
1573
1499
56
1447
1498
1582
1499
1447
56
1498
1597
1598
1499
1447
1447
1500
1498
1477
1527
1498
1600
1527
1447
1499
1547
1575
1610
1611
1612
1498
1620
1447
1499
56
1498
1597
1447
1499
56
1498
56
1499
1447
1622
1498
1625
1447
56
1499
1498
1625
56
1499
1447
1572
56
1445
1452
1562
1445
56
1562
1511
1572
1447
1636
56
1572
1445
1636
56
1445
1638
1572
1572
1445
1562
1511
1518
1650
1651
116
20
1652
393
125
1074
116
57
1661
1662
1663
1664
125
1667
57
1650
1668
20
1676
1678
1679
1680
1681
57
738
20
1652
1660
1690
1649
1502
57
1691
57
20
1660
1652
738
1712
57
1667
116
20
393
116
57
1074
125
57
116
1124
1742
1648
1729
1726
1707
57
1753
393
125
116
1074
57
1525
56
12
1100
1062
1667
1769
738
20
1652
1667
57
1074
1773
1774
1667
57
116
1709
125
1650
1778
1699
1691
1779
1649
1100
1141
1793
57
393
116
57
1074
426
1509
57
116
1804
1709
738
57
116
1721
1074
1719
57
1671
1762
125
1649
118
61
1813
1814
17
57
1074
1815
1816
17
1815
57
1074
1816
1717
57
116
1648
1819
1502
57
1649
1691
1690
1826
1092
1827
1674
1804
57
116
1652
1830
1668
1826
1092
1827
1674
1804
125
1842
1662
1664
1145
393
57
1074
116
426
393
1847
1721
1848
44
1769
1854
1855
1707
1856
508
57
52
1672
1859
1672
508
57
1859
1287
1680
1092
1674
1804
1827
1826
1092
1674
1804
1827
1826
1092
1674
1804
1827
1734
1873
1092
1671
1874
1734
1873
1092
1671
1874
1801
1448
1853
1739
1691
1684
1897
148
1898
1195
738
426
57
116
125
508
1672
1742
57
1923
57
738
20
1769
1652
426
1742
57
116
125
57
1858
1745
500
1675
1924
20
1929
1930
116
1650
1937
1938
1939
1940
1915
125
1948
57
1703
125
1954
23
1955
1956
1124
57
1742
1509
116
57
116
738
20
125
1503
1502
57
1853
1141
1427
57
1908
1062
658
1649
57
1502
1100
1141
125
738
20
57
1769
1502
57
116
125
1649
1910
1983
1675
1929
1984
1662
1652
1922
1987
1988
125
116
1662
1990
57
1785
57
116
125
1687
1648
1673
1997
1998
57
125
1074
426
57
116
1742
57
116
125
1860
1652
125
116
1769
57
738
1987
1922
2014
2015
1717
1675
57
2017
116
1924
57
116
23
140
1924
57
116
125
738
20
1682
1929
116
125
108
43
1560
57
1324
1662
1502
116
125
57
1848
23
57
63
20
1742
57
116
1509
1717
1742
57
116
125
1074
1922
2043
2044
1769
1652
125
20
57
116
1502
1769
57
116
1707
20
125
116
57
1502
23
125
57
116
20
1769
2051
1929
116
1708
2052
20
1929
116
1650
1687
17
45
1234
1703
20
1982
1929
2069
2070
1895
116
1675
57
1742
125
1648
57
1998
1997
1673
427
57
1687
1721
4
1502
20
57
125
1649
125
1667
1074
1925
44
1895
2069
1982
2070
1929
1713
1678
1679
1680
1681
1695
57
116
1502
125
1668
2084
2085
2086
2087
20
1929
108
738
1649
1742
57
116
125
1502
1757
1668
393
112
57
1742
1502
57
116
125
57
1502
1529
658
116
426
57
116
1742
125
125
57
116
427
1721
1502
1649
1690
57
116
1649
1502
1560
125
57
1690
1502
1649
1691
57
1690
1502
1691
1649
57
1712
57
1667
116
20
57
20
1660
1652
738
1690
1649
1502
57
1691
57
738
20
1652
1660
1676
1678
1679
1680
1681
1502
1649
1690
57
116
125
57
116
427
1721
426
57
116
1742
125
57
1502
1529
658
116
1667
57
1650
1668
20
1742
1502
57
116
125
1757
1668
393
112
57
1661
1662
1663
1664
125
1742
57
116
125
1502
20
1929
108
738
1649
1668
2084
2085
2086
2087
1650
1651
116
20
1652
1690
1502
1691
1649
57
1690
1502
1649
1691
57
1649
1502
1560
125
57
1695
57
116
1502
125
1713
1678
1679
1680
1681
125
1667
1074
1925
44
108
43
1560
57
1324
57
1858
1745
500
1675
738
426
57
116
125
1684
1897
148
1898
1195
1801
1448
1853
1739
1691
57
116
1124
1742
1648
393
125
1074
116
57
1895
2069
1982
2070
1929
1734
1873
1092
1671
1874
1734
1873
1092
1671
1874
1826
1092
1674
1804
1827
1826
1092
1674
1804
1827
1680
1092
1674
1804
1827
1672
508
57
1859
1287
508
57
52
1672
1859
1769
1854
1855
1707
1856
393
1847
1721
1848
44
393
57
1074
116
426
125
1842
1662
1664
1145
1826
1092
1827
1674
1804
57
116
1652
1830
1668
1826
1092
1827
1674
1804
1502
57
1649
1691
1690
1717
57
116
1648
1819
17
1815
57
1074
1816
17
57
1074
1815
1816
1649
118
61
1813
1814
1719
57
1671
1762
125
738
57
116
1721
1074
1509
57
116
1804
1709
393
116
57
1074
426
1649
1100
1141
1793
57
1502
20
57
125
1649
427
57
1687
1721
4
1648
57
1998
1997
1673
116
1675
57
1742
125
1982
1929
2069
2070
1895
17
45
1234
1703
20
20
1929
116
1650
1687
2051
1929
116
1708
2052
125
57
116
20
1769
125
116
57
1502
23
1769
57
116
1707
20
125
20
57
116
1502
1922
2043
2044
1769
1652
1742
57
116
125
1074
1742
57
116
1509
1717
1848
23
57
63
20
1662
1502
116
125
57
20
1682
1929
116
125
1667
57
116
1709
125
1924
57
116
125
738
1924
57
116
23
140
1717
1675
57
2017
116
1667
57
1074
1773
1774
738
1987
1922
2014
2015
1652
125
116
1769
57
1667
1769
738
20
1652
1742
57
116
125
1860
125
1074
426
57
116
1648
1673
1997
1998
57
1785
57
116
125
1687
125
116
1662
1990
57
1662
1652
1922
1987
1988
1910
1983
1675
1929
1984
1502
57
116
125
1649
125
738
20
57
1769
1649
57
1502
1100
1141
1427
57
1908
1062
658
1503
1502
57
1853
1141
57
116
738
20
125
1525
56
12
1100
1062
1124
57
1742
1509
116
125
1954
23
1955
1956
1915
125
1948
57
1703
1650
1937
1938
1939
1940
1924
20
1929
1930
116
393
125
116
1074
57
426
1742
57
116
125
57
738
20
1769
1652
508
1672
1742
57
1923
1729
1726
1707
57
1753
393
116
57
1074
125
2126
1998
140
63
61
890
63
61
1084
2132
1080
1358
2142
907
2143
17
1970
2149
1996
1764
1848
61
63
2137
436
895
1379
894
2157
61
890
61
2152
2163
2161
2155
1086
2168
1351
2122
1357
61
2157
2183
2184
890
61
2157
2123
2186
281
435
21
2167
2187
281
1168
980
2189
2190
1168
281
980
2189
2190
281
980
2189
2190
1168
2205
497
61
1438
147
2151
63
61
446
2
104
1171
2151
63
61
2151
61
63
140
2217
2151
61
2013
2217
161
2151
61
63
2218
2219
2224
2225
2226
2227
2228
2229
104
63
61
1048
2141
2232
2233
2234
2235
8
61
854
469
455
1171
247
230
2248
2249
497
1204
446
2250
61
1204
497
446
2250
61
2186
61
2125
2252
1721
2167
61
63
281
2157
185
61
2184
2258
1183
2255
61
8
446
2217
2267
2268
2132
1084
61
104
1136
1050
2158
61
116
2289
1954
61
63
1136
438
2293
2294
2295
2298
2299
2300
2301
2302
2299
2298
2300
2301
2302
2298
2300
2301
2299
2302
438
61
2232
446
2184
487
61
63
446
2217
1203
61
1183
1136
1045
2314
1136
1050
1379
61
2315
1084
1136
2013
12
2316
1357
61
2139
2304
2316
61
1136
2184
2139
2153
2144
2192
136
1358
2144
23
63
61
117
15
115
140
43
61
1529
2252
2242
2128
2360
1750
1847
2267
61
2378
2148
2257
61
1898
1897
2232
61
1721
93
117
497
2132
61
2267
1673
2292
61
128
2232
1541
704
1560
2126
2354
2404
2160
2354
2411
2171
2405
972
2171
2411
2412
2410
1503
61
118
1502
57
2440
61
449
1147
1145
2337
61
2157
2192
2144
1180
61
186
2449
1048
1529
2252
63
61
140
2252
63
61
140
1529
1721
2186
1529
61
63
2224
1529
1147
2255
1136
2445
1529
1147
2255
1136
2337
61
2157
2192
2144
2469
63
61
436
2137
1848
1389
1384
104
20
2469
1848
2473
890
61
41
63
61
1
51
2186
2333
104
61
2132
396
2476
61
63
281
2186
61
1560
2275
20
1721
63
61
1529
2242
1560
1998
140
63
61
1560
1998
140
63
61
542
61
1124
1721
186
116
61
140
63
1998
396
2476
61
63
281
500
57
63
23
61
396
2485
23
61
63
396
2485
23
61
63
2068
116
61
63
1907
396
2476
61
63
281
396
2476
61
63
281
1912
281
2476
63
61
1912
281
2476
63
61
2025
63
61
1358
2184
2434
1998
63
61
23
2490
140
12
1136
61
2218
61
140
1847
1084
704
435
281
61
2157
2435
2493
63
2066
61
1548
61
52
63
1103
890
63
61
2495
2497
2186
1880
2495
2475
2471
1048
61
2475
497
2186
1560
1998
140
63
61
2508
1070
36
76
571
571
76
2526
2527
2528
2530
76
642
628
593
593
76
642
2530
628
46
2534
1130
1104
45
2555
80
2556
270
2557
95
2561
80
2562
112
1000
80
2563
112
2561
2567
80
2568
200
2569
95
2561
80
2562
112
41
4
84
2604
130
2129
2607
84
2608
2609
2611
2613
84
4
2129
2507
84
2604
2617
106
2611
2186
84
1769
1389
1389
84
4
130
2608
1145
93
410
1721
2287
1145
93
410
1721
2287
536
2628
2629
2630
2631
1358
2651
2416
1317
922
2653
2654
2655
2656
2657
2666
2667
2668
2669
2670
2673
2675
2674
2676
2677
2673
2675
2674
2676
2677
1721
2388
2328
2680
2612
109
1721
2312
2680
2681
109
2129
2060
130
18
109
2388
2328
2680
2612
563
110
68
548
530
633
644
710
110
515
2741
1260
110
644
2743
807
788
1268
110
2747
710
110
515
644
2748
639
779
2749
110
1304
530
630
110
2750
694
1304
702
110
779
2753
702
110
1304
779
2753
644
710
110
515
2748
515
710
110
644
2748
2749
639
779
2755
110
566
715
716
516
110
639
779
2749
2755
110
779
2757
639
821
110
779
639
2749
2755
110
700
516
511
515
110
566
715
716
516
110
644
515
110
710
544
702
779
2753
1304
110
663
110
563
566
562
644
2770
1260
2767
2771
644
2775
110
515
544
2775
2777
644
110
515
566
715
716
516
110
530
563
110
68
548
2783
659
511
520
2784
116
2799
2800
2801
2802
2081
1867
2795
1704
2796
2825
721
2416
2826
2827
427
2853
721
1689
1721
2857
1662
2858
1769
2859
2248
376
247
230
126
2905
144
2129
2681
127
2905
2906
2129
2681
127
2913
2408
2914
2915
2916
979
259
2921
127
2681
2911
2920
2927
2928
127
2913
2681
2914
2929
2930
979
2681
244
259
127
2926
2919
2933
2059
192
2935
2919
2933
127
92
1389
2945
131
2060
1363
2959
2946
2968
131
2948
1390
132
114
2974
108
1195
1174
465
2988
2989
1387
1438
147
2151
1379
1180
104
1048
2312
2635
1045
1050
104
1048
2275
3031
1048
1174
2498
55
1387
1048
104
2652
1050
1052
132
1324
2974
104
1052
132
1324
104
2974
3079
3041
3078
2981
132
3079
3041
3078
2981
132
1342
43
1324
132
1191
1171
132
2369
1180
105
3089
3090
1438
132
1502
3093
1191
132
3077
1208
3113
3114
3115
132
3116
3113
3115
3114
132
3116
114
2480
1385
437
132
1052
43
132
104
1324
1398
132
1191
104
1324
1195
1897
3154
132
114
2981
132
1730
3155
3146
3093
1191
132
3077
1208
1921
508
1742
1672
2218
1921
3173
3195
1648
3196
1921
3197
1742
1672
2218
1921
3197
1742
1672
2218
3173
1299
3203
3204
1710
1921
3195
3173
3208
3210
3219
3220
3221
3222
3195
3225
1357
3195
3222
3218
3258
3041
196
3259
132
3258
3041
196
3259
132
3258
3041
196
3259
132
2205
2202
3136
1502
132
2182
450
132
1316
3260
2182
3262
450
2309
132
3260
1316
450
132
2182
186
2182
132
3077
2309
202
871
6
206
866
1501
1500
1527
1499
139
