15174
15164
15172
8458
3687
3591
12733
3383
12732
4601
8447
3575
13091
13090
6560
1088
4196
4175
4771
4039
7478
6874
1758
6937
4601
8537
9163
4261
4263
8465
262
102
20
715
2980
1295
3612
7790
782
8886
8672
8881
6933
7610
3374
4601
8920
9144
4247
6865
3374
4276
3575
8821
3269
3489
1202
5319
3826
1295
7592
7579
3374
6434
8114
8131
8117
4982
8174
4771
7567
1994
4982
9760
8134
864
7579
3374
4601
3629
1045
2858
6600
3302
4601
414
9380
102
11
20
3754
3755
3745
4982
3116
3583
17
8535
3672
3097
1258
3096
1758
2949
6912
8379
2793
9923
2858
3757
875
3574
8664
4601
6434
3116
3583
1057
7415
7383
1049
1737
7460
3596
4982
3575
85
12161
12160
4771
3777
3975
4982
3770
8206
6910
1758
6909
2931
13523
2082
7647
12474
3383
964
2231
2403
3881
3789
3819
3383
4319
1935
3687
4267
8465
11217
185
141
12043
2911
13952
4103
4302
5
7579
4247
3374
7592
7590
3374
2915
6875
13965
7588
7576
3374
3665
1639
1091
14749
14750
14758
3890
3789
3806
2980
2403
2972
2793
4982
8564
3596
3687
8426
4599
1937
3687
11119
11256
141
4601
3591
3575
596
720
20
8672
2793
8428
8576
4601
8174
2882
1045
2898
596
600
20
4599
3687
4606
2965
2964
2941
8881
17
8890
3962
3960
3789
4771
3437
7571
3116
3583
8187
7579
7597
3374
2911
13951
13955
55
33
20
4599
1937
8206
3643
3789
3819
393
101
20
6434
8114
3457
4982
1266
8134
3497
3472
1202
1758
1046
6994
3911
3789
3944
12814
3383
12722
6837
2022
1958
3429
5
12288
874
873
20
4771
410
4104
3960
3789
3895
1765
1748
1046
1752
13665
1046
6434
8198
4606
5512
4122
1375
3790
4007
3765
12392
1951
2230
1751
13668
1046
5
12240
4095
9230
4601
8206
3687
4606
3575
2214
1758
1753
3653
6651
5
3689
3611
3690
3653
2793
4982
1025
13974
2912
3349
3351
1258
4601
8174
8603
715
3963
1091
1306
1951
2230
1545
4356
4427
430
3131
3130
11789
11699
141
12842
3383
3812
4599
8671
3457
7086
7021
1758
8117
4601
8598
7642
7597
3374
12791
3383
3373
3591
8461
4267
2858
6806
6807
4601
9071
9070
3116
8213
3583
3445
3383
12599
4601
9221
1045
102
117
20
4601
1937
8943
3571
1266
2094
9237
4601
4602
2793
5474
881
337
732
20
8118
8671
4601
4982
8034
3719
13193
13331
6560
3964
3765
875
393
389
20
964
2979
2933
3116
3583
8559
13016
13037
1691
2793
8522
8174
3989
405
6841
8881
8206
17
13494
13497
2082
102
339
20
2179
2858
6810
6434
8226
4282
4601
4606
8990
11138
12081
141
2858
6629
3335
8052
782
875
3658
3657
3769
7566
4103
4104
13014
13015
6560
1758
2971
6602
964
1301
13683
7021
1758
7107
6874
7655
3374
715
11
1295
5713
7588
3374
6868
6866
1758
964
2177
2175
7048
1758
2146
596
610
20
4437
4356
4450
4982
8174
8134
1057
560
7438
6874
7598
3374
2858
6600
875
2793
8729
3575
964
2882
2887
884
890
20
4039
4302
5
4103
4104
5
964
2904
2933
7841
7747
782
7560
7476
7561
3383
8688
12536
4601
17
8174
1748
1046
1763
4601
1045
9442
11201
11119
11217
964
2176
2916
3770
7297
1935
6940
1758
1751
11119
141
11162
3790
3789
3986
4601
8572
4282
7576
6865
3374
715
3583
1091
3888
3383
3936
102
87
20
4601
8642
8420
12041
9026
3571
2976
964
2403
11933
1025
3383
8798
3583
3575
1797
2882
2928
3960
3383
12493
1758
1763
1753
4066
6718
6628
8532
4601
8176
3675
3676
3456
4982
8449
8134
102
98
11
8783
12444
3373
1758
1751
6941
4701
3548
1295
3421
3583
3677
3270
1202
3517
3457
4602
8777
8118
4601
3687
4599
3116
4614
11403
11404
141
7587
6874
3374
7579
3815
3374
9397
3457
9396
4601
9241
8796
4167
4163
4154
13100
13320
6560
3789
3936
3819
3425
3422
1037
4039
6602
875
8177
4601
8134
1737
7463
3719
7595
7594
3374
8379
9925
8874
3393
2888
1202
2206
1758
7107
6434
3817
8206
1758
2971
6863
3865
3864
3831
166
654
20
3761
3760
3757
8198
4606
3575
5
1037
12288
4982
9544
8174
3653
4982
7469
1057
7354
7400
715
3457
3583
12369
1988
3383
13475
13549
2082
6434
8178
3591
13449
1807
13466
12893
3383
3800
8116
3575
5721
596
140
20
7365
1057
7351
4606
3575
8766
12893
3383
3373
601
4601
3578
4601
8919
8923
3116
2872
5
4601
9381
8777
2945
6875
5
12324
5
4095
7630
7628
3374
7599
6933
7616
4032
5
4095
4364
863
4356
4913
4853
1295
4464
6933
3374
12455
3383
12633
14156
13009
6560
2793
4982
8449
13458
13449
2082
8809
3583
5721
4708
4601
4602
3574
3583
3575
3653
3743
3619
8642
3575
1266
7088
1758
2164
3427
3434
2094
405
4770
11152
782
875
7690
715
1924
1295
3789
3819
3958
964
2176
2232
7611
6933
3374
8671
4601
8543
7596
7579
3374
715
1295
1091
4771
4100
4104
1937
3116
875
13687
13684
13683
876
928
875
4601
8537
8951
11827
141
3571
538
3786
3116
6874
7614
3374
8224
3596
4982
12045
9026
3571
3687
3591
4267
8786
4602
3575
12782
3383
3800
4099
4098
3453
3574
6434
8206
6633
9361
3571
8379
4982
4283
4297
3777
4388
4606
3575
4283
7031
1758
6948
7579
7612
3374
8198
3575
5721
7576
7616
6865
6866
1758
6864
15174
15175
15172
2882
2910
2903
3697
4716
1295
12460
3445
3383
15245
2915
14933
2882
1025
2926
3116
8034
3583
3896
5711
1091
7786
782
5725
4601
8435
8434
964
3371
15092
4982
9890
8615
6434
8114
8175
15066
15270
15269
8364
8365
1006
715
2793
5007
102
164
20
3813
3789
3819
2858
3345
6809
8809
3583
3575
8522
4982
8206
7665
7669
2105
7619
7616
7610
3737
875
3736
4085
4086
3453
11217
141
11636
3790
3789
3895
102
150
20
6865
7598
3374
12368
3383
3800
8672
8881
8883
6933
7616
7587
4599
4601
3116
9446
4601
3891
102
154
11
8051
8121
141
4601
7246
8288
2906
2882
2893
2858
6810
6811
3523
3525
3522
87
281
20
8672
8428
8132
715
3457
5467
6878
1758
2971
4771
7568
405
5
1037
4095
3553
560
1094
2922
2882
2893
12842
3383
3800
5615
5616
5614
8605
3575
8116
4601
9303
9305
2882
2893
2897
3648
3583
8796
4771
4103
4104
8375
4601
9016
4982
3575
4282
8140
3583
3575
7970
782
875
3429
5
1037
4122
3823
1958
6962
1758
6961
4601
1937
8895
8117
4601
8584
2858
6836
6835
8881
3591
17
8129
1684
8545
7616
7610
7597
3886
4104
3975
4032
13725
3630
6940
1758
6972
1758
7009
1773
337
393
20
8671
4601
8777
4068
4103
4095
3574
4601
8133
5726
3424
1091
4771
4104
7472
3789
3819
3799
8034
8033
782
3591
4267
8465
3679
4039
5
8433
3687
8432
3891
3789
3886
1255
883
1091
393
150
20
2858
1087
5
3583
3575
8874
6434
3575
4282
8645
3383
12722
715
3719
1295
3575
3765
875
13037
1691
13415
4601
8969
8970
964
13678
13683
4356
4423
4091
3653
3687
8470
2980
11599
141
3445
12461
3383
4601
9422
9433
2022
4512
7416
9136
4601
8937
2206
1758
1763
8198
8199
8874
3653
8140
3575
4085
3777
3453
3653
8206
3575
12956
12951
12963
3817
8206
3575
337
433
20
4601
3591
8174
1758
2971
3349
3789
3819
3918
1988
12364
12408
2931
13487
2082
7619
7595
7616
12579
12455
3383
6614
2858
3290
1057
560
7541
7112
1758
7107
4771
3777
875
7622
7642
3374
7579
7598
3374
3679
4771
4302
4601
8197
8174
3383
3373
12878
11119
11124
185
3685
141
4658
4601
7246
3672
1057
2528
7212
8379
9193
875
2176
2882
1025
12439
3383
12607
963
13678
7460
964
3371
3366
2911
2882
2916
8120
3591
8174
9312
8783
4601
3933
3789
3819
6916
5
2938
4771
7546
4039
3383
8688
12655
3338
2131
3337
4771
7480
410
2882
1045
2899
2312
2313
2314
3815
6933
7616
102
98
20
1049
782
7689
3760
3776
3757
11217
11544
141
12818
3383
12722
4601
7246
8900
964
1758
2971
8379
4982
8206
2882
2893
2901
4032
4078
3453
1988
12342
8557
12049
3373
2082
484
38
20
8708
4601
4982
560
1245
3533
12473
12651
3383
11666
11
141
15445
15441
15444
3790
3891
3789
7577
7579
3374
7628
7598
3374
715
1255
1091
3575
8663
4614
8375
3687
8377
8458
3687
4606
4104
8874
1994
2858
4039
6624
4276
3583
5721
166
704
20
4153
5
4095
2886
2911
2916
12750
3383
5708
3575
618
8588
8781
4601
8766
8390
8516
3687
11119
11122
141
13342
13109
6560
901
11827
3571
6912
1758
6862
3583
3575
8174
4365
4437
4356
6866
1758
2971
9302
4601
9301
596
369
20
4464
7594
3374
8671
8120
4601
4601
8739
9144
4601
3629
8134
3789
3816
1029
1057
560
7357
13554
13555
2082
8072
875
8063
4771
410
4240
12056
12060
3571
2528
11325
141
2888
2885
2924
4601
8920
8924
12038
9026
3571
352
241
20
4297
3630
4407
3611
3691
3716
6933
7576
7616
12145
12069
3571
4771
4068
3683
3505
3472
1202
4601
3786
3891
166
102
20
4086
4297
4082
2403
2962
2956
3657
3583
3575
3457
8174
4614
1046
2146
1283
102
577
20
3678
13725
4407
3790
3947
3948
964
2888
2924
102
356
20
4601
8967
8642
6101
6102
3225
7592
7615
3374
3457
4606
8174
12532
3383
12531
601
603
20
4107
3777
4073
2890
2889
2891
8379
3591
8242
3591
7771
782
8044
782
875
3648
8171
782
3457
4982
9891
4982
8199
3765
2793
4982
8193
4159
4154
4155
4982
8925
8134
4601
9246
9247
11516
12455
3383
4771
4065
3777
496
327
20
4599
8375
3116
3596
3116
17
3574
4601
9218
8410
3687
3591
4771
3437
7480
4000
12848
3383
8458
3687
8288
14932
14905
14933
15015
1045
15034
2882
1045
2901
3583
3575
8625
1758
7113
3314
7031
1758
6953
8121
11685
141
4599
6434
3116
560
5
4073
4601
7246
8122
320
11
20
4994
1639
1295
3653
4601
9253
1049
5320
5322
4601
4982
8615
4650
2105
1091
7579
7616
6865
12274
875
3637
14227
6560
14135
4163
4154
4155
332
636
20
4771
7569
3765
83
11782
141
3653
8206
4606
7606
7576
3374
1988
12424
12408
6917
1758
6912
14014
1639
14015
4156
4154
4155
6874
7612
3374
2931
13504
2082
13528
13529
2082
4601
8307
9420
2094
2048
3571
3908
3891
3789
3815
2977
1037
13502
13452
2082
864
6933
3374
7579
7584
7616
12270
4066
4095
12256
3777
12257
881
3719
1091
8121
141
11909
6629
2858
6632
8786
3583
8787
4599
1937
8530
3269
3445
1202
9
3373
2082
2946
11
2944
1057
4505
7381
596
695
20
7579
7621
3374
7621
7246
7630
4601
9219
9337
3891
3789
3799
3687
3591
8289
6997
1758
7000
4601
8133
8436
6912
1758
2216
8458
3687
8512
2858
4144
2094
4247
7595
3374
8594
3575
5721
4601
3575
3672
13748
13725
3630
7579
3939
3374
12100
141
12101
2184
2175
2183
4601
8485
9157
3824
3790
3789
4599
4122
1937
9026
12042
3571
8455
3591
10354
494
496
20
3687
4606
1266
11395
141
11331
7595
7576
3374
4771
4103
875
3116
3583
4606
2915
13966
13965
3687
1266
8405
6962
1758
6958
4078
4096
3453
4032
4297
4405
7596
7598
3374
9015
8671
4601
4431
4356
4433
13731
13732
13725
275
274
20
4646
782
875
1245
3547
3548
87
483
20
3548
4693
4692
3596
1937
3116
1266
8288
4160
7612
6933
3374
4167
4154
4155
2793
4982
3853
35
372
20
1758
1748
1046
9446
4601
9448
1370
1369
1368
8727
3575
8777
11119
8121
7676
11171
14065
14066
13037
1691
13009
4601
8584
618
405
3452
3451
13037
1691
14536
4016
3790
3789
596
107
20
3913
3789
3819
3383
12754
3800
6434
8178
3116
2048
141
3571
102
32
20
436
11
20
7579
7584
3374
7594
6865
3374
7808
741
7807
4601
8206
8431
3966
3891
3789
2793
4276
3583
13015
6560
13018
4982
8140
8564
1967
4606
11319
7579
2900
2082
1687
3817
3428
102
572
20
4705
4706
5
4771
405
4302
3575
1045
8764
9326
4601
3373
715
4683
1295
3575
4282
8116
6933
6865
3374
7591
7576
3374
3790
3899
3789
6924
2888
3446
9212
4601
9138
4771
4068
1994
1758
1046
1749
7426
1057
7427
6952
1758
6990
6434
3583
4282
715
4911
1295
2980
11354
141
4356
4433
4407
3609
3671
3456
11972
3245
11971
3789
4047
3788
8121
11747
141
1057
7350
7353
7619
7616
7592
7579
7593
3374
560
881
875
4771
7480
4039
3429
3619
1037
12473
3445
3383
4771
3437
3765
1765
1751
1046
8472
4601
8814
7587
7579
3374
4982
8206
8134
3687
3591
4275
7472
1037
5
7029
1758
2971
2858
6592
2872
4601
8951
4614
9944
9945
9193
102
107
20
2931
3373
2082
279
101
20
4057
3789
3964
3789
3799
3920
2793
4860
1295
4200
4155
1639
4771
4104
1994
7576
7610
3374
3960
12510
3383
102
473
20
7592
6865
3374
11313
2528
141
12467
3383
12466
1108
3308
3312
1988
3812
12419
7579
2931
2082
4
2
3
3687
3591
4263
2022
560
7416
3383
1045
3717
166
596
20
14942
14944
14943
3383
3875
1045
4601
1045
9513
4356
4357
4366
8120
8920
8919
4602
3575
8777
8379
4601
4982
11915
4606
141
7647
3383
3719
7628
7643
3374
1758
2912
6912
11449
11313
141
4039
4065
5
3575
8679
4614
1758
1046
2216
102
115
20
1758
6865
6909
15168
15165
15164
4771
3777
3765
6945
1758
7009
1301
2176
2216
102
364
20
3366
141
11939
4601
9497
3578
7579
7614
3374
1300
2178
2175
3763
3757
875
3368
15207
15208
8664
2793
3575
3960
3789
4012
2886
11
2885
715
4711
1295
971
970
875
1057
7187
7197
1057
560
7529
11119
11217
11222
3653
3116
8206
3653
8671
3457
8858
3575
8792
8841
8472
8814
4136
4065
5
8268
8269
8267
107
389
20
3383
12588
5708
3891
8870
8874
102
495
20
2904
2932
2887
782
875
7733
7593
7588
3374
3445
1202
3274
4982
8447
8174
8745
4276
3583
3754
2858
3345
4601
3575
618
2882
2941
2944
4078
4079
3453
6434
8114
3116
3422
3428
4095
12068
12069
3571
876
883
875
13037
14490
13070
12915
3383
12531
5985
5984
5986
4601
8543
8936
3116
3583
3428
11751
185
141
13284
13285
1691
8114
2793
3591
7542
1057
4074
1057
560
875
8206
1028
8874
3284
1202
3283
8061
782
875
3596
1937
3687
5476
3788
1091
4356
4417
4486
2956
2933
2966
8834
4601
3891
15412
15409
15224
5520
5519
5516
715
3548
1295
560
11217
141
1057
7213
7214
4601
8637
8179
3687
1266
8288
4982
8242
8134
13665
1046
2216
3960
12497
3383
2907
2882
2893
715
4669
1295
6434
8114
4606
3790
3789
3803
4601
4602
9303
3437
2858
6711
12796
3383
3800
11171
141
11467
14939
430
14938
864
2858
1758
9541
1937
8134
13479
9
2082
1758
6967
1773
13015
13070
6560
8659
3575
8134
3653
3575
4282
7579
7642
3374
7021
1758
1753
12039
9026
3571
6905
1758
2971
2048
141
12087
9348
4601
8469
11285
3378
141
4601
8739
4606
4601
8447
8604
3357
3356
1258
4601
9080
8134
1775
2175
2183
4297
4065
3777
15056
15053
15054
7579
7589
3374
3575
1266
8174
4601
9037
9006
6434
3817
3575
596
835
20
13037
1691
13414
6933
7616
6865
8034
782
875
12068
12060
3571
12476
3383
12481
13037
1691
13099
4247
6875
3374
560
3829
3840
6874
7645
3374
4297
4103
4314
964
2904
2882
6878
1758
6862
496
500
20
8118
3687
3591
4297
4082
4371
2793
9193
875
11906
11907
141
13328
13327
1691
3357
3359
1258
1049
3407
3672
3356
3355
1258
560
5304
881
98
300
20
8522
4982
8211
4982
3575
8134
4601
9242
9440
3791
3790
3789
2915
15203
15172
964
1758
2956
13296
13234
6560
1775
1774
1046
3445
1202
3287
12038
12041
9026
3273
3472
1202
4599
8630
3583
8089
782
875
715
1057
7350
509
506
20
424
414
20
4039
4103
5
9552
9553
9554
5
141
11378
11827
141
11162
3653
2858
6849
3383
1935
3800
6866
1758
6862
4154
4155
4168
5483
560
1091
3383
3347
3800
4601
3575
8116
12439
3383
8951
12455
3383
12454
2793
4982
3116
3824
3789
3825
4771
4104
3765
3789
364
1029
1988
12415
4523
1758
2941
6912
3116
3583
3575
15441
15442
15447
4599
3457
3116
3653
3116
4606
13037
1691
13411
6940
1758
6863
1758
3375
6989
11119
11136
141
4601
8989
17
6434
8204
4094
12076
12078
141
3612
782
7850
2793
4982
8943
12629
12628
3383
1028
7848
782
7863
782
3378
8849
2793
8778
2882
2956
2932
3383
12454
12493
8580
3575
8116
3653
1937
8206
3824
3789
3885
3611
2872
2105
6933
7576
3374
7665
7664
2105
13234
6560
13235
4601
3575
3581
3383
12865
3373
1057
560
7383
13015
14485
6560
3368
15201
15199
8671
4601
8447
3960
3790
3789
6945
1758
2971
3777
7472
4095
3790
3823
3789
3653
3116
4282
4601
8431
8174
3653
4276
3575
13951
1025
14017
2858
2857
2175
2528
11349
141
7619
7616
6865
3383
12754
5708
2022
4234
875
813
107
20
8206
4606
3575
2793
4982
9936
964
2937
2232
3583
4606
3575
13091
14127
6560
3789
3819
3915
3504
3472
1202
8242
3575
4282
8137
4982
3575
2094
3437
3571
3457
3591
8919
2882
2915
2883
3383
12722
3800
1057
7433
7434
4066
2872
2105
4601
8297
8174
3596
3687
4267
3116
3575
4282
8132
4982
3575
9054
4601
9027
3574
3593
3575
2206
1046
2213
1937
4982
8134
2904
2916
2887
12951
12960
12959
8375
3687
3591
1937
8558
8129
410
4066
4240
3437
1951
2094
7178
9953
7206
4982
3383
3800
1057
7363
4513
3448
3440
3456
8444
4606
3575
964
1301
13675
3653
3575
8777
3371
3366
15128
405
3681
2094
4601
9303
8471
6422
6421
6420
14467
13037
13124
3790
3789
3920
6918
1758
6869
1758
2971
1046
715
1958
1295
1988
12421
12408
4982
3575
8211
13449
13471
2082
102
539
20
8671
4601
8937
538
33
20
394
393
20
4601
3891
9221
560
7350
7381
8137
3583
3575
3678
5
2094
3807
3789
3883
14762
11
14761
3437
2858
6819
3653
4601
9349
1766
1046
1749
11396
141
11331
7579
5707
3374
3457
4606
9161
4771
3437
4104
12855
3383
12854
12056
12066
3571
4982
8140
8211
7717
782
875
13405
13037
1691
1301
2181
2175
4356
4433
4362
8522
4982
8134
3366
11657
141
13527
13526
2082
4601
8123
8543
15368
3368
15231
7579
2914
3374
4771
3683
4066
6874
3815
3374
4982
8176
8134
3815
4247
3374
13110
13109
6560
2858
3757
3345
8379
8114
4601
1797
782
875
6997
1758
3375
14641
13100
6560
12893
3383
12895
3653
4982
8206
1057
7223
7361
4982
8140
8449
566
102
20
323
324
20
2904
2933
2932
6434
3591
8174
3653
2858
6599
7621
8642
1937
4261
4263
4262
15030
14944
14943
3653
4601
4282
14641
1691
13100
11491
11217
141
3629
3611
3633
4039
6623
875
12868
3853
3383
12732
3383
3800
4771
4039
4302
3574
4601
9303
3332
1758
1763
975
782
875
3383
12759
3800
13037
13070
6560
9190
14764
14749
8121
185
141
3653
4601
8174
1057
560
7351
11920
12073
3551
14641
13315
1691
102
496
20
6629
2858
6628
3472
1202
3274
14018
13951
875
554
102
20
3687
4606
8174
1057
7383
7395
3583
2105
5721
11583
141
11582
3733
5
1295
3909
3789
3819
7595
6865
3374
4085
3678
13725
4364
4356
4352
9237
4601
8777
7587
6933
3374
9143
4601
9506
1758
2971
6912
3427
405
3930
3805
3383
12869
11736
3457
11720
9261
1045
141
4601
3575
8583
3575
8174
4614
3116
4606
8530
8809
8810
3575
1992
14759
15153
4039
5
7552
2793
3457
8174
496
503
20
560
7210
4153
5708
7595
3374
2904
2883
2938
3356
3358
1258
12455
3383
3800
11841
8121
141
101
267
20
35
34
20
6880
9026
3571
13479
2931
2082
4599
3116
3786
3853
3383
875
4606
3575
8400
1758
2971
7009
2858
2859
2175
8995
8927
8990
13684
13683
2933
1057
7419
7381
3687
8457
8456
7621
1937
17
8518
3687
3591
6633
2980
3571
715
741
1295
4716
3719
1295
4066
7570
4302
6874
4464
3374
4601
3583
3575
6874
1758
2216
7592
4247
3374
3790
3789
3819
4601
8961
8951
4601
9132
8978
1163
3383
12475
12309
5
1037
445
102
20
4602
8727
3575
6965
1758
6990
3383
12547
970
337
720
20
2144
1046
2197
8379
4982
8242
2528
4606
141
2882
2900
1045
2183
2185
2175
11541
11539
141
1737
3719
7469
7579
2888
2082
3571
405
3604
1025
2917
2933
7647
7646
3374
1988
12442
12443
7466
1737
3719
2793
4982
3591
11119
11214
185
3243
3244
3242
11905
11119
141
9455
9386
4601
4601
8880
9460
2980
11319
141
102
140
20
2793
9171
4982
1057
560
7534
6656
2858
6657
1300
2231
2175
337
704
20
1057
7381
7395
4044
3383
12408
8206
3116
3672
1760
2208
1046
8786
8198
3575
2793
1028
3556
2793
4982
4601
1758
2971
6862
1057
7462
7461
4771
4065
1994
3653
3591
8242
13491
3373
2082
15202
15378
3368
7571
3383
3378
422
704
20
3575
4282
8741
9143
4916
4601
4599
1937
3116
3246
3247
3245
8671
4601
9130
4364
4340
4356
782
7836
7739
8444
3457
8174
7971
782
875
4154
4155
4160
3687
3575
4130
1809
3787
1091
102
480
20
3911
3789
3818
2793
4982
4282
6434
3591
4282
3891
3651
8874
424
393
20
3619
405
5
9312
4601
4602
7596
7576
3374
3922
3789
3884
3881
3823
3789
4771
4068
4103
4982
17
3575
11159
11257
8121
9463
4601
4094
3629
4853
1295
3116
8544
3672
6866
1758
6920
8671
4601
5721
4771
3765
875
4039
4104
5
13037
1691
13216
1937
3575
8116
4601
9242
8416
1758
1046
1753
13024
6560
13023
4964
3826
1295
8664
4606
3575
7579
7616
7592
9541
8289
8174
560
2233
875
15248
14905
14933
4599
3116
4606
15433
15436
15435
4601
8961
8431
3790
3789
4012
1109
6593
6610
8043
782
875
13486
3373
2082
2793
8137
7728
6874
964
1758
6872
1758
6909
2858
4066
3630
8472
8206
3575
11405
11217
141
4125
4121
1958
3653
2858
6600
12685
12440
3383
4982
3575
618
4601
9371
8777
4648
3826
1295
4771
4104
5
8375
3687
8116
2858
4234
875
8117
8580
3575
4601
3575
8134
4100
5
4095
1057
7508
3825
2902
2893
2903
7297
8881
2931
102
455
20
4601
8537
8923
5
12244
4095
4601
9205
7949
13951
14018
5
3116
51
8561
4548
4549
3245
3653
4982
3575
11894
141
11895
1988
12406
3800
8707
3575
741
1988
3383
12408
8664
4601
9078
2793
4982
9891
405
881
7561
2858
868
6817
11404
1037
141
12301
3777
4095
3891
3789
3806
3823
1958
4121
10022
1684
10056
2234
4039
2858
13725
3630
4407
2154
1046
1283
5723
5724
5722
723
337
20
4771
4039
4104
344
102
20
15164
15172
15192
11600
11599
141
6434
3817
8179
4412
2858
6836
4982
3583
3575
4982
8034
3591
4982
3575
8615
3591
1266
8465
13420
13037
1691
715
5309
1295
4068
4078
3453
11763
1024
141
3336
12710
12709
3653
8809
3575
6434
8114
8210
1202
3516
3274
4039
4889
875
2971
1046
1763
8379
2793
8522
8132
4982
8134
4982
17
8174
4601
3578
9420
2931
13464
2082
1758
6880
1046
4201
1088
4212
560
782
875
3613
9386
4601
9230
8834
4601
7576
7598
3374
4601
3457
4130
13489
7579
2082
3653
3116
3575
4601
7246
8883
1758
2971
2216
26
140
20
4650
875
1091
7595
7616
6865
3383
8688
5708
1992
15152
15153
11842
11843
141
12660
12661
3383
13561
1958
13562
3611
2105
2094
7624
7582
3374
3294
1108
3321
11311
3729
141
13342
13335
6560
15361
15358
3368
7579
7576
3374
876
971
875
8379
4982
4282
8188
3575
8116
12008
3685
141
13037
1691
13032
3630
3609
2094
9956
9953
7189
7474
7476
7475
4066
3630
2094
4599
4601
8174
15254
15263
14933
3757
3779
875
102
352
20
8541
10805
8116
8297
3575
8594
4296
4387
4297
4675
3826
1295
405
3440
3453
7297
8881
17
1737
4140
3719
102
326
20
3457
11958
141
3911
3904
3789
4982
8140
9891
4496
4468
4095
715
5108
1295
6656
2858
6655
1758
6880
6878
715
4606
1295
1301
2176
13683
3653
2858
6836
4297
4310
4103
1057
2233
7383
3457
3817
8874
3845
3733
3844
4982
3575
8116
964
14933
15239
3890
3790
3789
5511
4353
1375
1057
560
7395
11217
11539
141
7579
7645
3374
4771
883
3765
596
597
20
102
138
20
3687
3575
8211
5713
4247
3374
2935
2882
2893
2882
2889
2948
12303
2105
4095
11311
141
11337
8672
8881
17
13951
13972
1025
2234
1109
2933
2216
1758
2887
203
195
20
1255
3619
1091
3777
5
4095
3495
3487
3274
11976
8121
141
4601
4602
8416
4601
8919
8996
7592
7576
3374
2193
9026
3571
3575
8777
3720
7579
7616
7587
364
1199
1295
11334
11333
141
12602
12455
3383
8132
8206
3575
8881
17
11
1057
560
7417
4601
3786
3116
1758
7110
7020
2793
4982
8140
6874
7579
3374
3734
875
3730
560
2233
7369
4601
8922
9346
7579
7582
3374
14951
2889
14952
7764
782
875
3116
8213
8564
8375
4601
8120
4426
4356
4430
9261
3366
141
346
102
20
4276
3575
8856
8206
3575
741
4601
8801
3575
8522
4982
8449
4771
3683
5
8672
8885
5
1797
2858
875
3583
2048
8559
3653
3817
8874
4601
8951
8679
4413
4356
4433
7596
4247
3374
4601
3891
3578
3359
3358
1258
2919
2912
13969
6871
6878
1758
14388
14403
6560
8176
3591
8289
11359
8121
141
6874
5707
3374
3116
3575
4614
4601
8174
8134
12864
3383
3812
12506
3960
3383
1982
141
11837
8140
3575
4614
961
960
906
4121
1958
4124
3116
3583
8553
11420
2980
11332
1797
3661
3765
4599
3591
8242
3815
7595
7616
1046
2146
2160
4978
3826
1295
8522
4982
9901
8132
4982
8449
4601
8598
8604
3653
4154
4155
7608
7579
3374
6849
3345
875
4982
9754
8174
560
1809
3840
3282
3445
1202
6633
141
3571
4599
4606
3575
3282
3487
1202
7616
6865
7592
2216
1758
6862
8444
3583
3575
3282
3495
3487
15198
15201
15172
7579
13471
2082
4601
8120
9078
7476
4104
7472
3815
7594
3374
1057
7443
7351
1992
14759
14950
9412
4601
9430
6874
1758
2971
7246
9750
17
3270
2889
1202
4601
8537
8919
8642
3575
8543
6945
1758
6953
715
3548
4693
8809
4602
3583
8920
8175
8919
4771
3437
4039
3729
11217
141
1057
7462
560
715
5472
881
715
4833
1295
7666
2105
782
10796
3591
8541
4276
3583
4606
4601
3591
4282
889
875
2887
715
4704
1295
6916
1758
6866
3687
3591
4606
12187
1266
3571
8522
4982
8129
3891
3789
3898
4601
8964
1148
3269
3517
1202
4982
8140
3575
3890
3956
3789
4771
3541
5
4982
8140
8134
4771
4104
7558
4416
4356
4358
2082
13490
13479
3282
1202
3274
4280
1266
4272
4101
5
4073
1758
2164
7042
8671
4601
8174
2793
4982
875
2182
2175
2183
1758
1751
1046
4602
3575
5721
8847
8541
1827
8564
11663
141
4601
3687
3591
8532
4601
4602
15166
15165
15164
12043
13956
2912
6945
1758
1751
4601
8174
5721
7959
782
875
12893
12440
3383
7579
7590
3374
8781
4982
3575
2152
2153
1046
3373
13532
2082
7615
7616
7592
337
342
20
12303
5
4095
393
55
20
7922
782
875
4771
3437
1295
3429
12273
1037
4122
4646
782
4601
8797
8920
2904
2933
2968
15250
15362
3368
2131
3325
3337
4601
3116
3583
7592
7628
3374
12368
12831
3383
7603
3815
3374
5006
3719
1295
715
1088
4180
2913
2882
1025
3911
5
1091
11119
8121
141
4601
8919
9038
3962
3790
3789
715
5091
1295
5
2947
3266
715
5306
1295
13041
13037
1691
3457
8129
8174
8444
3575
8174
3445
1202
3490
1057
7363
7357
11119
185
141
4982
8206
4282
3687
8419
1266
4601
8435
8133
262
596
20
8379
4982
9925
1937
3575
8594
7579
7595
3374
6938
5
2887
5
141
20
3687
8419
4606
4601
9506
9449
1959
2185
5345
8783
4601
9303
4109
4110
2094
3596
3687
8465
3374
7579
7623
3786
3116
8619
2793
1937
4160
4601
3891
9494
8379
4982
8564
966
967
875
9129
4601
8447
1937
7246
8895
9128
4601
8543
10326
8455
3548
4276
3575
8777
3273
1202
3518
12088
3551
141
2904
2882
2893
3551
3865
3868
4602
4606
3575
9
13523
2082
1057
7350
7351
15066
15294
15295
12281
1037
4095
1937
8206
4606
3593
3575
8799
6966
1758
1773
4032
4297
4324
14641
14683
13100
4032
12154
4095
6874
7576
3374
4982
8206
8211
15233
3368
15234
7845
7806
3293
3687
4606
4263
8379
4982
3591
4601
8920
8919
3780
2858
3757
102
452
20
15254
15264
14933
4601
9246
8469
3591
3575
8242
9412
4601
3578
12294
5
4095
4982
7728
7469
3817
3810
3789
102
540
20
6874
6883
1758
13531
3373
2082
1988
3853
3383
1758
2971
6998
4771
7480
4104
1758
2971
6909
2858
3345
6805
4771
4103
3765
715
5481
1091
6905
1758
2216
3653
8444
4601
4122
4601
741
560
3815
7209
8121
4606
141
12504
3383
8688
15329
15330
15331
6434
3116
741
8834
4601
8777
4085
4083
3453
7562
4302
4104
4646
782
2122
4771
4100
875
7579
7619
3374
3687
4606
4267
1737
3719
4658
2882
1025
2892
2882
2915
2932
7141
7140
7142
1758
6947
1751
1758
2971
2887
3550
3583
1028
5
12154
4095
2195
2175
875
9128
4601
8971
8664
3575
8174
4601
3698
9416
10121
10123
10122
4169
4154
4155
12721
12722
3383
5517
5516
5518
1758
2971
1751
8421
4606
3575
1758
6869
2887
8114
3687
8134
11697
11696
141
6434
8114
4282
7642
5715
3374
4771
4039
3427
560
7506
7505
6150
6151
3225
4601
8920
9304
4771
4302
4104
1765
1046
7009
12308
560
12307
3639
3611
3638
13109
13154
6560
11171
11467
11475
4247
7610
3374
4650
3583
1091
4276
3583
3575
3790
3817
3789
1988
12368
12342
2858
6628
6711
7474
405
4302
7705
782
875
1982
162
141
6633
12179
3571
7596
7616
6865
13013
13039
13038
715
4696
1295
3687
8514
3591
3583
8807
8564
8774
3583
3575
1959
5325
5324
3653
8849
4982
3383
8688
12511
9028
4601
9132
6434
3457
3817
3651
1994
8874
15024
14944
14943
7579
3815
7616
3591
4606
3575
3784
3619
3293
1758
7060
7059
11121
11119
185
6434
3596
4982
4601
8572
3116
8121
141
11331
4032
4382
4297
7576
7616
7592
17
5
2887
102
49
20
4601
4982
8134
212
230
20
13616
3823
13602
4165
4167
4154
15066
15286
2917
7647
7628
3374
3731
3732
3730
6997
7029
1758
12725
3383
12723
8424
8425
3591
8672
7297
17
7015
1758
2971
7621
1937
7246
1937
8881
2931
8379
4982
3817
3853
3383
12722
7579
7610
3374
3653
3687
4606
8809
3583
8874
3383
12680
12681
3687
3591
8426
1057
560
7381
715
5300
1295
3420
3383
3373
715
4914
1295
14664
1691
13009
7025
1758
6960
3963
3789
890
715
4268
85
13412
13037
1691
4606
3575
8770
3817
3888
8874
6434
3116
4282
4771
4039
5
496
501
20
134
102
20
6116
6131
6132
4601
8402
8174
3530
8881
17
12527
3383
12489
8379
1937
3116
3383
4850
3373
7579
6865
3374
11317
11316
141
13484
3373
2082
3361
3351
1258
13091
13100
6560
1937
3407
3591
3612
7762
782
560
7350
7411
1057
7351
7366
1057
3553
560
3829
3831
3843
11119
11192
12142
4601
8133
8431
4771
405
1994
3368
15216
15217
11429
11539
141
6933
7616
7610
715
4853
1295
393
583
20
3427
405
4770
3687
3591
1266
6924
2889
2082
4771
7480
7472
267
87
20
3373
13523
2082
9358
4601
3891
1758
7107
3314
11840
1982
141
3653
8584
3575
337
579
20
13747
13725
3630
3807
3790
3789
715
4664
1295
4156
4155
1639
955
956
20
1758
2971
6879
3373
970
2082
6940
6905
1758
6952
1758
1046
2872
2105
1091
3687
3611
3293
3619
5
4073
3457
8786
8777
3655
3656
3650
3687
8415
8414
634
633
20
102
492
20
4601
9301
8475
4771
7556
7557
6434
3116
4606
8206
3116
4606
2914
6933
7616
3457
8762
8763
3596
4982
3116
8667
8665
8666
7579
4464
3374
4982
8584
618
3371
3366
15094
11803
8571
141
11119
11134
11135
1057
560
7415
1737
3719
1038
4771
4039
4103
6914
6915
5
11
176
20
3401
3402
1202
4771
4103
4302
4601
4606
8402
13725
13743
4343
5340
11
782
1758
1751
6993
3488
3487
1202
1751
1046
13667
6434
8114
4601
4771
4039
7473
2793
4982
3575
7616
7610
6865
1775
4066
6628
3712
3611
3691
6633
4513
3571
3575
4614
8134
3687
4606
4275
2793
4982
9200
8472
4606
3575
102
130
20
3790
4464
1091
4599
4601
9031
8586
3116
3583
6933
7616
6870
3116
8531
3583
8122
3533
8888
3457
3817
1028
8889
8881
17
8774
8198
3575
5718
3778
1091
13556
970
2082
