165
3
166
167
196
3
147
197
210
211
7
156
213
156
7
214
156
219
220
7
221
218
214
7
222
223
156
7
239
171
210
212
210
214
7
245
210
214
7
245
210
7
214
216
255
216
7
214
238
7
214
216
248
210
7
223
248
7
210
223
212
7
270
271
212
7
271
270
212
271
272
7
212
271
272
7
275
280
7
171
326
327
328
329
213
241
214
7
156
360
365
7
156
214
7
126
210
211
7
156
213
241
214
7
222
223
156
7
213
156
7
214
221
218
214
7
156
365
380
360
226
7
214
238
232
395
396
398
232
395
399
398
232
399
395
398
232
398
395
399
232
398
395
399
232
398
395
399
239
171
210
212
210
214
7
245
210
214
7
245
248
7
210
223
248
7
214
223
238
7
214
216
248
7
214
210
248
7
214
210
255
216
7
214
210
7
214
216
238
7
210
214
273
238
7
214
248
410
210
7
248
410
210
7
273
238
7
214
248
7
214
210
248
210
7
223
385
245
7
238
412
7
226
374
385
245
7
238
212
271
272
7
212
271
272
7
212
238
7
226
212
7
270
271
212
7
271
270
275
280
7
171
263
7
279
419
425
426
427
428
425
8
429
430
425
430
429
8
425
430
429
8
425
8
429
431
425
8
429
431
425
432
8
429
433
434
435
436
438
8
439
440
438
8
439
440
429
442
8
443
446
140
447
77
443
8
481
492
493
115
140
429
493
8
430
494
498
9
102
499
500
501
502
503
502
138
526
503
537
500
527
538
500
17
527
528
518
560
561
562
577
528
578
579
536
556
528
500
593
17
527
500
613
46
570
17
617
618
614
17
570
613
17
625
568
632
633
634
568
632
633
634
603
574
513
17
502
17
96
500
534
17
570
625
613
570
17
625
693
500
694
695
500
613
537
691
528
33
699
700
703
17
601
45
703
17
601
45
741
21
739
742
748
21
739
750
526
525
27
559
772
27
68
773
529
36
27
46
36
529
27
46
518
560
561
562
46
535
530
785
790
27
791
777
764
27
503
17
503
27
17
764
529
45
27
776
45
529
27
776
529
45
27
776
804
529
27
805
851
853
854
855
858
853
859
860
867
868
869
36
874
873
875
872
873
880
37
871
881
874
882
883
871
873
37
874
874
875
884
77
874
875
884
77
37
873
871
880
37
873
880
871
37
871
886
889
879
890
889
37
37
871
886
889
37
871
886
889
37
871
886
889
88
37
889
882
73
874
37
908
73
874
37
908
874
73
37
908
73
37
908
874
73
37
908
910
874
37
88
908
914
37
874
904
915
37
904
874
37
916
878
917
878
920
876
919
876
919
37
873
876
924
925
926
878
37
889
892
873
37
876
919
911
37
874
876
873
37
919
876
919
873
37
876
876
873
919
37
886
876
37
919
919
37
873
876
876
878
920
919
900
945
37
876
876
919
37
873
945
37
900
876
876
37
900
919
37
900
945
876
37
919
876
873
919
876
37
873
886
874
419
953
272
913
908
73
958
38
959
960
964
216
965
38
46
36
535
1041
1045
46
535
1041
1043
46
1074
1075
1076
1071
1077
46
1041
46
52
1089
787
535
46
1041
1106
46
52
1112
1115
46
52
12
1120
1121
46
1122
1159
47
55
1030
1164
1153
47
1165
1165
47
1030
1033
1152
47
1033
1030
1168
47
1033
1030
1158
1164
1161
1153
1160
1030
1033
47
1172
47
1030
1033
1160
1030
1033
47
1145
1033
1030
47
1145
1030
1033
47
1182
1183
1184
49
1182
1184
1183
49
1182
1183
1184
49
52
1196
1197
45
52
1198
1199
1200
53
1222
1223
1224
1226
1197
1227
1228
794
1242
806
1241
794
53
777
774
794
53
1248
1237
794
53
1248
1241
1196
1258
1197
1227
601
1243
791
46
1260
69
53
702
1260
53
69
702
1260
53
702
69
1241
1261
1262
53
1241
1243
1263
1264
1265
53
663
17
1252
1243
53
791
1252
1243
53
791
1241
791
53
1262
1252
1243
53
791
1268
1243
1269
13
1252
1269
1270
1243
1252
1243
1241
1271
1252
1243
1241
13
1276
53
76
791
1276
76
791
53
617
673
33
577
777
45
773
68
1029
1025
54
897
1025
1293
54
1160
492
1294
1035
54
1294
492
1035
54
1298
25
54
1299
25
1293
54
90
1312
1314
1315
1309
1150
90
1293
54
1150
1172
54
415
1294
1030
54
90
1324
1325
1326
1327
1329
1330
1331
1332
1307
54
1330
1333
1352
1353
1354
54
1349
62
54
1364
143
54
1365
50
1372
1373
1374
54
972
1057
54
974
972
54
1378
974
972
54
1378
974
972
1379
1378
874
1380
972
1057
1305
1057
54
972
1381
54
972
1057
1382
1388
1305
1389
1390
1337
1293
1407
54
143
90
54
976
1428
54
1172
1373
1429
1172
54
1373
1428
54
1172
1373
1431
54
1433
1434
1443
1444
56
1445
1472
1475
490
1476
444
1489
1490
1491
1499
443
1117
1500
1495
1497
56
1440
1495
1522
432
1497
1495
56
1497
1440
1495
56
1440
1497
1495
56
1440
1497
444
1489
1533
1534
1439
1535
56
1438
1549
1497
111
56
1549
1497
111
56
1440
56
1446
1495
1495
56
1497
1440
1440
462
1556
222
1495
1440
1497
56
1495
1497
56
1440
1565
1566
1567
1568
1545
1571
56
1438
1461
1440
1576
1577
1495
1497
56
1440
56
1579
1508
1565
1438
56
1497
1551
1502
1440
56
1551
992
1589
1590
1591
1593
56
1497
1598
1495
1440
56
1497
1495
1497
1440
1520
1438
1440
56
1461
1557
56
1438
1621
1467
1623
1624
1556
1516
56
1438
1439
1625
1579
1626
1627
1565
1628
1629
56
1565
56
1447
1438
1633
1634
1635
1636
1637
443
1438
56
56
1640
1438
1565
1496
116
57
385
1681
1652
1685
57
1671
1694
57
1695
1472
57
125
116
490
57
1496
1652
1681
1652
57
1496
1651
57
1669
1700
20
1701
1702
1697
1681
57
1574
1110
1496
57
116
125
57
385
414
125
1653
1713
1496
1652
1717
57
1718
1719
125
57
1496
1652
1496
57
1574
1110
44
125
1721
1723
125
1722
20
44
1730
116
1731
1732
125
1734
116
1496
1739
57
1711
1653
1706
57
116
1651
1752
57
1753
1754
1652
1496
57
116
385
125
116
57
1762
490
1702
1763
1768
1702
1769
1770
125
1734
116
1054
1651
1686
1773
1774
1496
116
57
1652
1664
1781
1054
1782
1783
57
1652
1496
57
1651
116
1711
1664
57
116
1706
1652
1496
1685
57
1776
57
1496
1652
1791
57
116
1054
1746
1794
1745
1795
385
116
57
1054
1805
57
1806
1807
57
1115
1829
12
385
57
116
104
385
1054
116
57
125
57
1725
1847
125
57
116
1725
125
116
57
1651
1664
57
1749
116
1749
1856
57
1857
1858
1652
57
1496
57
64
118
1825
1720
116
1678
125
1797
116
57
1866
1872
57
1496
1652
1823
1894
1895
1896
57
44
725
20
1651
1700
1669
57
1664
57
116
1903
57
20
1909
1496
1915
57
1916
1418
1121
57
77
8
1918
1702
1919
1475
1692
1669
57
116
57
24
116
1496
1928
57
116
1503
1924
125
116
57
1722
116
57
125
1684
57
644
23
1939
57
1661
1861
1949
125
965
1950
1860
1951
1952
1953
1050
1954
1734
116
57
1957
1703
1496
57
20
125
1701
1657
20
57
1964
1722
57
116
1496
1472
116
57
1884
1472
116
57
1884
490
57
1799
1968
1948
57
116
125
57
1903
707
1884
1971
1972
57
1973
1979
1980
1981
1972
1884
57
116
125
1984
57
116
1903
1987
1988
1861
1702
725
57
116
125
1652
57
116
1701
17
57
52
1722
1774
116
125
20
1654
64
118
57
1653
1475
490
1992
1994
1995
1996
116
1994
1995
1996
116
2001
57
644
1851
1894
23
1379
2005
125
57
1994
116
2006
57
1844
1690
57
1652
1909
20
57
2008
1652
1685
1822
125
57
116
125
57
116
1496
2002
57
1851
2013
1472
1652
57
116
1994
1996
1995
116
1651
1884
116
57
57
2018
1906
2019
125
57
116
1054
125
57
116
23
125
1725
116
57
1847
20
1697
1725
57
17
125
1884
1054
20
2031
1701
20
1702
116
125
725
57
116
125
57
708
1884
1054
1651
1669
2038
57
2034
1931
1702
1672
1720
1475
57
116
1884
57
116
125
1822
1884
116
57
1651
1669
2038
57
1651
1659
2047
2048
1954
116
125
57
1661
125
116
1884
57
20
725
1909
1848
1702
1988
1769
1848
1702
1988
1769
1848
1702
1988
1769
1954
116
125
57
1701
1909
1931
2054
2055
2056
2057
2058
1848
1702
1988
1769
1664
57
116
125
125
57
116
1496
1685
118
490
1893
1848
1702
1769
1988
116
125
1054
57
116
125
57
1054
2041
57
1988
1746
1848
1702
1769
1988
1903
132
1736
57
57
1884
116
1054
1848
1702
1988
1769
2027
1893
1653
490
1893
57
2027
1653
1651
57
1669
2038
57
1574
1110
1773
57
17
1574
1110
57
17
1574
1110
1544
1441
57
1686
1544
1441
57
1686
2081
57
2082
2083
1903
1475
132
57
1719
57
1690
2085
2041
1685
57
1496
116
57
125
1884
57
1668
1776
1902
1652
1496
57
1685
57
1701
1697
1725
1701
1734
1653
1678
444
1489
1490
1491
57
2091
2092
1690
1453
1858
1681
1652
385
57
116
125
1685
57
1496
1652
57
1651
1776
1668
1453
1652
57
1496
1721
118
57
125
2041
57
1746
1496
57
1668
1776
2105
2107
116
1996
1995
1918
1919
1702
1475
1710
116
125
1884
1710
116
125
1884
1918
1919
1475
1702
1918
1475
1919
1702
490
1652
1496
57
1653
1716
57
20
490
1652
57
1496
1884
116
57
125
1496
57
116
1972
2119
57
644
23
57
63
1915
118
2092
57
1858
1652
57
1653
125
1711
57
385
1815
414
1747
1496
1996
1652
57
1671
1711
1710
125
1496
57
116
125
1734
116
1496
1730
116
1731
1732
125
1722
20
44
44
125
1721
1723
125
57
1496
1652
1717
57
1718
1719
1653
1713
1496
1652
57
385
414
125
1496
57
116
125
1681
57
1574
1110
1681
1652
57
1496
490
57
1496
1652
1472
57
125
116
1671
1694
57
1695
1681
1652
1685
57
2092
57
1858
1652
57
63
1915
118
2119
57
644
23
1496
57
116
1972
1884
116
57
125
490
1652
57
1496
1653
1716
57
20
490
1652
1496
57
1918
1475
1919
1702
1918
1919
1475
1702
1710
116
125
1884
1710
116
125
1884
1918
1919
1702
1475
2107
116
1996
1995
2041
57
1746
1496
125
1496
57
116
57
1671
1711
1710
1747
1496
1996
1652
57
385
1815
414
57
1653
125
1711
1721
118
57
125
57
1651
1776
1668
1685
57
1496
1652
1453
1858
1681
1652
57
2091
2092
1690
444
1489
1490
1491
1701
1734
1653
1678
1652
1496
57
1685
57
1668
1776
1902
2041
1685
57
1496
1903
1475
132
57
2081
57
2082
2083
1903
132
1736
57
1054
20
2031
1701
725
57
116
125
490
57
1799
1968
1050
1954
1734
116
57
20
1909
1496
1664
57
116
1903
1651
1700
1669
57
57
44
725
20
1823
1894
1895
1896
1797
116
57
1866
1746
1794
1745
1795
57
1651
116
1711
1762
490
1702
1763
1496
57
1574
1110
20
1701
1702
1697
1651
57
1669
1700
1496
116
57
385
1453
1652
57
1496
385
57
116
125
2055
2056
2057
2058
17
57
52
1722
1652
1496
57
116
1872
57
1496
1652
1720
116
1678
125
57
64
118
1825
1858
1652
57
1496
1749
1856
57
1857
1664
57
1749
116
125
116
57
1651
125
57
116
1725
57
1701
1697
1725
125
57
1725
1847
385
1054
116
57
385
57
116
104
57
1115
1829
12
1805
57
1806
1807
385
116
57
1054
116
57
125
1884
1719
57
1690
2085
1544
1441
57
1686
1544
1441
57
1686
57
17
1574
1110
57
17
1574
1110
57
1574
1110
1773
1651
57
1669
2038
1893
57
2027
1653
2027
1893
1653
490
1848
1702
1988
1769
57
1884
116
1054
1848
1702
1769
1988
2041
57
1988
1746
116
125
57
1054
116
125
1054
57
1848
1702
1769
1988
1685
118
490
1893
125
57
116
1496
1664
57
116
125
1848
1702
1988
1769
1701
1909
1931
2054
1791
57
116
1054
1776
57
1496
1652
1954
116
125
57
1848
1702
1988
1769
1848
1702
1988
1769
1848
1702
1988
1769
57
20
725
1909
1661
125
116
1884
1954
116
125
57
1651
1659
2047
2048
1651
1669
2038
57
1652
1496
1685
57
1822
1884
116
57
1884
57
116
125
1720
1475
57
116
2034
1931
1702
1672
1664
57
116
1706
1651
1669
2038
57
57
708
1884
1054
725
57
116
125
20
1702
116
125
57
17
125
1884
1847
20
1697
1725
125
1725
116
57
125
57
116
23
125
57
116
1054
57
2018
1906
2019
1651
1884
116
57
1783
57
1652
1496
1994
1996
1995
116
1472
1652
57
116
2002
57
1851
2013
125
57
116
1496
1822
125
57
116
1664
1781
1054
1782
57
2008
1652
1685
57
1652
1909
20
2006
57
1844
1690
125
57
1994
116
1894
23
1379
2005
2001
57
644
1851
1994
1995
1996
116
1994
1995
1996
116
1653
1475
490
1992
1654
64
118
57
1774
116
125
20
1652
57
116
1701
1987
1988
1861
1702
1984
57
116
1903
1884
57
116
125
1979
1980
1981
1972
1496
116
57
1652
1971
1972
57
1973
57
1903
707
1884
1948
57
116
125
1651
1686
1773
1774
1472
116
57
1884
1472
116
57
1884
1722
57
116
1496
1657
20
57
1964
57
1957
1703
1496
1860
1951
1952
1953
1949
125
965
1950
125
1734
116
1054
1939
57
1661
1861
1768
1702
1769
1770
1684
57
644
23
1722
116
57
125
1924
125
116
57
1928
57
116
1503
57
24
116
1496
1692
1669
57
116
1918
1702
1919
1475
1121
57
77
8
1915
57
1916
1418
385
125
116
57
1752
57
1753
1754
1706
57
116
1651
1739
57
1711
1653
2107
116
1996
1995
2132
61
1342
2135
2133
63
61
93
2132
61
2139
63
2132
61
1724
2142
210
1721
279
2153
1343
2155
2156
2157
2155
1343
2156
2157
2159
61
63
2160
2164
63
61
2153
196
415
61
197
1881
61
2135
2172
974
61
2175
2176
2178
61
881
1343
875
61
2183
1721
2194
61
2187
961
1342
61
2172
428
883
61
2172
2202
970
1138
61
279
63
1105
447
61
1141
2168
63
61
1554
140
63
61
158
61
927
1031
927
158
61
1031
1117
61
12
1523
2238
63
61
140
1343
2239
2240
2137
1539
61
2247
428
688
61
2247
428
2251
63
61
1554
2183
1523
61
63
1173
2168
61
1031
1117
415
61
976
1721
219
61
2183
2005
2258
63
61
1656
1379
1523
2260
1118
61
428
2238
147
140
63
61
1117
415
61
976
1117
415
61
976
1117
415
61
976
1117
415
61
976
2274
2272
61
431
1881
2172
2183
61
104
1105
2174
61
875
61
1105
2283
2285
1169
2286
2287
2285
1169
2286
2287
875
61
1105
2283
2285
1169
2286
2287
2294
63
61
1105
2168
61
2022
2296
1153
114
1105
61
2285
61
1169
1166
2168
61
2022
2296
1033
1153
1105
61
104
1105
61
1033
1033
1153
1105
61
2168
61
63
158
2158
12
140
447
12
140
447
2158
2307
2158
61
426
1105
2174
2289
61
219
61
63
1031
2312
61
446
426
2313
1372
1105
61
1164
61
1105
2286
2229
927
61
1153
1145
1105
1153
61
1105
2314
2315
2316
1156
1105
61
1153
1161
1105
61
1153
1175
1105
1153
61
2251
63
61
140
2320
61
1105
2174
1579
447
2258
2159
2247
61
63
428
1105
63
447
61
2328
1342
2329
61
2328
1342
2329
61
1342
63
61
428
2159
61
63
2341
2159
61
63
2341
2159
23
61
63
2159
63
61
117
1343
2156
2155
2157
688
61
1523
157
2346
1343
61
1830
1343
1340
1341
57
688
1523
157
61
1721
61
63
1523
2159
2137
61
63
1721
1523
61
63
1721
1523
63
61
1879
61
140
147
1721
63
1523
61
2361
263
63
61
2369
147
61
2370
23
1700
61
63
2312
61
1721
93
2256
61
2296
2294
2394
61
2296
446
1370
61
2129
2168
875
61
185
2406
1750
61
2355
2411
1750
61
2355
2411
1750
61
2355
2411
2159
1951
61
63
2003
1343
61
2151
2247
2430
2431
2432
1879
64
118
61
1809
2003
1379
61
63
61
147
140
1721
63
93
61
2158
63
447
140
196
61
1574
2443
447
63
2158
140
63
2158
447
140
2199
63
61
2149
185
1031
1164
479
1523
219
2246
2449
1523
219
2246
2449
1523
140
61
63
1523
140
61
63
2259
61
1523
140
1523
63
61
140
219
1721
2153
61
2456
2457
2458
2459
1031
61
185
2464
3
61
2330
2168
2159
61
63
2341
2159
1951
61
63
2199
63
61
2149
1462
140
63
61
2476
1763
1832
61
1721
63
140
61
875
61
1723
2169
1723
63
61
2011
2162
63
1723
61
2183
63
61
1721
2183
61
875
1342
1721
61
63
1523
1721
63
61
2246
1721
61
63
140
1723
2482
2478
1975
1652
61
1554
2262
875
61
428
1342
875
61
428
1342
1921
63
61
23
1921
63
61
23
1921
63
61
23
1921
63
61
23
1921
63
61
23
125
140
63
61
1921
63
61
23
116
63
140
61
116
63
140
61
116
63
140
61
1921
63
61
23
388
63
61
23
1921
63
61
23
1921
63
61
23
1927
63
61
56
1894
23
1379
2005
1921
63
61
2491
1921
63
61
2491
388
23
61
63
125
63
61
2161
1921
63
61
115
1927
63
115
61
1927
63
115
61
1927
63
115
61
1927
63
61
115
1927
63
115
61
1927
63
115
61
524
63
61
1721
388
23
61
63
388
23
61
63
388
23
61
63
388
23
61
63
388
23
61
63
388
63
61
23
1921
63
61
23
1921
63
61
23
1921
63
61
23
1921
63
61
23
2033
61
1343
63
2033
61
63
1343
2033
61
63
1343
2033
61
63
1343
2033
61
63
1343
2033
61
1343
428
2222
63
428
2437
2496
2262
12
61
2438
63
1972
61
2481
487
61
2183
2183
61
2501
1881
1881
61
2501
2183
2178
2501
1881
2183
1881
61
2501
1723
2178
2172
2501
2183
2514
46
76
52
2515
791
76
2516
2518
76
791
52
2520
2518
2521
2522
33
791
76
2518
791
33
76
2518
791
1054
33
76
33
791
76
46
46
33
791
76
46
535
2534
1281
535
46
2534
1281
46
2534
1281
535
2546
769
2547
2548
138
68
769
773
36
769
46
791
444
1489
1490
1491
2571
80
2572
112
2571
2572
80
1330
878
203
80
2580
2143
4
84
1721
2143
84
92
2620
93
2627
1881
2187
2660
2272
2282
2416
2648
2662
2416
1370
2664
2665
2666
2667
2664
2665
2666
2667
2666
2667
2664
2665
2664
2665
2666
2667
109
2611
2618
2512
109
2670
92
2671
109
2618
2512
2611
109
2512
2611
2618
109
2672
113
18
113
2673
109
18
2675
113
2673
109
645
2718
500
528
627
2719
2720
527
692
110
678
627
774
1234
2729
110
1234
2729
774
110
764
808
2736
626
627
1234
774
2550
1234
2744
2745
2746
764
626
110
2743
1282
686
764
2749
1234
110
627
2753
701
2754
2755
2756
764
686
110
1282
686
764
2749
1282
769
2765
110
2766
2726
110
1234
627
540
2767
2717
2723
2769
2770
1234
2746
2770
1234
2746
2769
773
674
110
1282
2774
627
110
678
1282
773
674
110
773
1282
674
110
678
2720
2776
2722
619
692
110
678
627
2726
110
1234
778
547
110
627
2750
692
110
2780
2750
614
527
2781
110
547
527
502
1797
116
2797
1678
2798
116
1678
1653
2798
116
1678
1653
2798
1678
116
1653
2819
2820
2821
2822
707
116
1884
524
707
1884
524
708
707
1781
2840
1911
1680
2262
524
2416
2850
524
2851
1697
708
524
707
1722
2370
94
166
126
2370
94
166
126
2370
94
166
126
2668
1150
2624
126
222
223
156
7
2901
2902
127
2903
2901
2903
2902
127
2901
2902
127
2903
2901
2904
2902
127
2901
127
2902
2903
2901
2902
127
2905
2916
2917
127
2918
2920
2918
127
2917
2918
2924
2925
2916
2917
2617
127
2620
2916
2918
127
2917
2928
2372
2294
2620
2916
2917
127
2918
2917
2620
2930
127
2931
2932
2930
127
2917
2930
2620
127
2929
92
2620
127
121
131
2956
412
2678
2617
130
131
2959
131
2573
2669
2975
2976
2977
132
114
1374
1373
132
1158
132
1293
104
2986
2987
2988
2983
1428
2992
2993
2994
2987
3002
104
2279
3010
2384
2256
3011
2481
487
61
2183
2311
1150
114
1172
1173
1031
927
1428
3020
3021
3006
3022
3024
2205
3025
3026
1172
1428
1150
114
927
158
61
1031
3037
1031
1164
55
3037
1031
1164
55
3036
1031
1147
55
3037
1031
1164
55
3037
1031
1144
2503
3037
1031
1144
2503
3037
1031
1144
2503
3039
3040
1031
1144
1374
114
132
3048
1736
1369
104
132
1321
43
1293
132
1374
3063
5
55
1373
1153
132
3071
196
3049
132
3075
1374
3063
5
55
3084
55
43
132
3049
3089
2977
132
2128
2976
2977
132
2128
2977
2976
132
3052
3064
3065
3097
3085
132
1434
913
3110
61
3049
185
61
147
1370
132
1066
132
1370
1291
3084
55
132
3124
3125
3126
3127
132
3125
3126
3127
132
185
61
147
132
3133
3134
2976
2977
1160
1370
132
43
1150
3049
3144
132
1340
3147
3148
3149
3102
1160
1175
132
55
132
114
1172
2977
1160
132
415
43
132
1160
1370
2433
2646
132
1172
3164
2977
132
3101
1428
2649
1160
132
1873
1429
132
147
1164
132
114
55
114
55
132
5
1873
1429
132
3170
3161
2977
132
1736
3084
3124
55
132
1930
3185
3186
3187
1930
3190
3210
3211
1930
3190
3210
3211
1930
3190
3210
3211
1930
3190
3210
3211
1930
3190
3213
3210
3214
3190
3210
3211
1930
3190
3210
3211
1930
3190
3210
3211
3215
3210
3217
3219
2023
3210
3220
3221
1707
3223
3224
3225
3190
1276
1707
3226
3243
1342
3210
3244
3177
3252
720
3210
1784
3256
3210
3257
3177
720
3252
3210
3177
3210
720
3252
3177
720
3252
3210
196
132
61
1984
1161
2311
939
3023
1172
2311
939
3023
3085
132
1434
3287
371
1146
3301
143
1649
984
1146
143
3307
3306
3308
3309
