0.553030303030303
0.5757575757575758
0.5833333333333334
0.5909090909090909
0.5909090909090909
0.5909090909090909
0.5984848484848485
0.5984848484848485
0.6060606060606061
0.6060606060606061
0.6136363636363636
0.6136363636363636
0.6136363636363636
0.6212121212121212
0.6212121212121212
0.6212121212121212
0.6212121212121212
0.6212121212121212
0.6212121212121212
0.6212121212121212
0.6287878787878788
0.6287878787878788
0.6287878787878788
0.6287878787878788
0.6363636363636364
0.6363636363636364
0.6363636363636364
0.6363636363636364
0.6363636363636364
0.6363636363636364
0.6363636363636364
0.6363636363636364
0.6363636363636364
0.6363636363636364
0.6363636363636364
0.6363636363636364
0.6363636363636364
0.6363636363636364
0.6363636363636364
0.6363636363636364
0.6363636363636364
0.6363636363636364
0.6363636363636364
0.6363636363636364
0.6363636363636364
0.6363636363636364
0.6363636363636364
0.6363636363636364
0.6363636363636364
0.6363636363636364
