1.2337662337662338
1.6623376623376624
1.9350649350649352
2.051948051948052
2.2467532467532467
2.324675324675325
2.4545454545454546
2.4935064935064934
2.5714285714285716
2.675324675324675
2.7012987012987013
2.74025974025974
2.7662337662337664
2.7662337662337664
2.792207792207792
2.8051948051948052
2.8181818181818183
2.844155844155844
2.8701298701298703
2.896103896103896
2.9220779220779223
2.961038961038961
2.9740259740259742
2.9740259740259742
2.9740259740259742
3.012987012987013
3.012987012987013
3.012987012987013
3.0259740259740258
3.0259740259740258
3.064935064935065
3.090909090909091
3.116883116883117
3.1298701298701297
3.1298701298701297
3.1298701298701297
3.155844155844156
3.155844155844156
3.155844155844156
3.155844155844156
3.168831168831169
3.168831168831169
3.1818181818181817
3.1818181818181817
3.1818181818181817
3.1818181818181817
3.1948051948051948
3.1948051948051948
3.207792207792208
3.220779220779221
