0.3013698630136986
0.3972602739726027
0.410958904109589
0.4657534246575342
0.4794520547945205
0.4794520547945205
0.4794520547945205
0.4794520547945205
0.4794520547945205
0.4794520547945205
0.4794520547945205
0.4794520547945205
0.4794520547945205
0.4794520547945205
0.4794520547945205
0.4794520547945205
0.4931506849315068
0.4931506849315068
0.4931506849315068
0.4931506849315068
0.4931506849315068
0.4931506849315068
0.4931506849315068
0.4931506849315068
0.4931506849315068
0.4931506849315068
0.4931506849315068
0.4931506849315068
0.4931506849315068
0.5068493150684932
0.5068493150684932
0.5068493150684932
0.5068493150684932
0.5205479452054794
0.5205479452054794
0.5205479452054794
0.5205479452054794
0.5205479452054794
0.5205479452054794
0.5342465753424658
0.5342465753424658
0.5342465753424658
0.5342465753424658
0.5342465753424658
0.5342465753424658
0.5342465753424658
0.5342465753424658
0.5342465753424658
0.5342465753424658
0.5342465753424658
