2.2738095238095237
2.9523809523809526
3.2142857142857144
3.392857142857143
3.5238095238095237
3.607142857142857
3.7857142857142856
3.8333333333333335
3.892857142857143
3.9523809523809526
4.0476190476190474
4.119047619047619
4.119047619047619
4.130952380952381
4.166666666666667
4.166666666666667
4.2023809523809526
4.226190476190476
4.25
4.25
4.2976190476190474
4.309523809523809
4.369047619047619
4.392857142857143
4.392857142857143
4.392857142857143
4.392857142857143
4.392857142857143
4.416666666666667
4.428571428571429
4.464285714285714
4.488095238095238
4.511904761904762
4.523809523809524
4.535714285714286
4.535714285714286
4.535714285714286
4.535714285714286
4.535714285714286
4.559523809523809
4.559523809523809
4.571428571428571
4.571428571428571
4.583333333333333
4.583333333333333
4.583333333333333
4.583333333333333
4.583333333333333
4.583333333333333
4.595238095238095
