0.7121212121212122
0.7575757575757576
0.8106060606060606
0.8560606060606061
0.8787878787878788
0.9015151515151515
0.9242424242424242
0.946969696969697
0.9621212121212122
0.9696969696969697
1.0075757575757576
1.0227272727272727
1.0303030303030303
1.053030303030303
1.053030303030303
1.0833333333333333
1.0909090909090908
1.0984848484848484
1.106060606060606
1.106060606060606
1.1136363636363635
1.1136363636363635
1.121212121212121
1.121212121212121
1.143939393939394
1.1515151515151516
1.1590909090909092
1.1590909090909092
1.1818181818181819
1.1818181818181819
1.1818181818181819
1.2045454545454546
1.2045454545454546
1.2121212121212122
1.2121212121212122
1.2121212121212122
1.2121212121212122
1.2121212121212122
1.2121212121212122
1.2121212121212122
1.2196969696969697
1.2196969696969697
1.2196969696969697
1.2272727272727273
1.2348484848484849
1.2348484848484849
1.2348484848484849
1.2348484848484849
1.2348484848484849
1.2424242424242424
