1.643835616438356
2.1506849315068495
2.5753424657534247
2.8219178082191783
3.0
3.136986301369863
3.2465753424657535
3.26027397260274
3.356164383561644
3.3835616438356166
3.3835616438356166
3.4383561643835616
3.452054794520548
3.4794520547945207
3.506849315068493
3.5342465753424657
3.5753424657534247
3.589041095890411
3.6301369863013697
3.643835616438356
3.643835616438356
3.6575342465753424
3.6575342465753424
3.671232876712329
3.671232876712329
3.671232876712329
3.684931506849315
3.684931506849315
3.684931506849315
3.712328767123288
3.712328767123288
3.73972602739726
3.7534246575342465
3.767123287671233
3.808219178082192
3.808219178082192
3.8219178082191783
3.863013698630137
3.863013698630137
3.904109589041096
3.9178082191780823
3.9315068493150687
3.9726027397260273
4.013698630136986
4.013698630136986
4.013698630136986
4.013698630136986
4.013698630136986
4.041095890410959
4.041095890410959
