0.2857142857142857
0.35064935064935066
0.37662337662337664
0.38961038961038963
0.4155844155844156
0.4155844155844156
0.44155844155844154
0.44155844155844154
0.44155844155844154
0.44155844155844154
0.44155844155844154
0.45454545454545453
0.45454545454545453
0.45454545454545453
0.45454545454545453
0.45454545454545453
0.45454545454545453
0.45454545454545453
0.45454545454545453
0.45454545454545453
0.45454545454545453
0.45454545454545453
0.45454545454545453
0.45454545454545453
0.45454545454545453
0.4675324675324675
0.4675324675324675
0.4675324675324675
0.4675324675324675
0.4675324675324675
0.4675324675324675
0.4675324675324675
0.4675324675324675
0.4675324675324675
0.4675324675324675
0.4675324675324675
0.4675324675324675
0.4675324675324675
0.4675324675324675
0.4675324675324675
0.4675324675324675
0.4675324675324675
0.4805194805194805
0.4805194805194805
0.4805194805194805
0.4805194805194805
0.4805194805194805
0.4805194805194805
0.4805194805194805
0.4935064935064935
