0.40476190476190477
0.4523809523809524
0.4642857142857143
0.4642857142857143
0.47619047619047616
0.47619047619047616
0.47619047619047616
0.47619047619047616
0.47619047619047616
0.47619047619047616
0.4880952380952381
0.5
0.5
0.5
0.5
0.5
0.5
0.5119047619047619
0.5119047619047619
0.5119047619047619
0.5119047619047619
0.5119047619047619
0.5119047619047619
0.5119047619047619
0.5119047619047619
0.5119047619047619
0.5119047619047619
0.5119047619047619
0.5119047619047619
0.5119047619047619
0.5119047619047619
0.5119047619047619
0.5238095238095238
0.5238095238095238
0.5238095238095238
0.5238095238095238
0.5238095238095238
0.5238095238095238
0.5238095238095238
0.5238095238095238
0.5238095238095238
0.5238095238095238
0.5238095238095238
0.5238095238095238
0.5238095238095238
0.5238095238095238
0.5238095238095238
0.5238095238095238
0.5238095238095238
0.5238095238095238
