0.24050632911392406
0.3037974683544304
0.33755274261603374
0.350210970464135
0.35443037974683544
0.35864978902953587
0.3670886075949367
0.37130801687763715
0.3755274261603376
0.38396624472573837
0.3881856540084388
0.3924050632911392
0.3924050632911392
0.3924050632911392
0.3924050632911392
0.39662447257383965
0.4008438818565401
0.4008438818565401
0.4008438818565401
0.4008438818565401
0.4008438818565401
0.4008438818565401
0.4050632911392405
0.4092827004219409
0.4092827004219409
0.4092827004219409
0.41350210970464135
0.4177215189873418
0.4177215189873418
0.4177215189873418
0.4177215189873418
0.4177215189873418
0.4177215189873418
0.4177215189873418
0.4219409282700422
0.4219409282700422
0.4219409282700422
0.4219409282700422
0.4219409282700422
0.4219409282700422
0.42616033755274263
0.42616033755274263
0.42616033755274263
0.42616033755274263
0.42616033755274263
0.42616033755274263
0.42616033755274263
0.42616033755274263
0.42616033755274263
0.43037974683544306
