0.48158640226628896
0.6147308781869688
0.6713881019830028
0.7025495750708215
0.7195467422096318
0.7393767705382436
0.7507082152974505
0.7592067988668555
0.7677053824362606
0.7818696883852692
0.7932011331444759
0.7960339943342776
0.8016997167138811
0.8045325779036827
0.8101983002832861
0.8101983002832861
0.8101983002832861
0.8101983002832861
0.8243626062322946
0.8385269121813032
0.8385269121813032
0.8413597733711048
0.8498583569405099
0.8498583569405099
0.8498583569405099
0.8498583569405099
0.8498583569405099
0.8583569405099151
0.8583569405099151
0.8583569405099151
0.8583569405099151
0.8611898016997167
0.8611898016997167
0.8611898016997167
0.8611898016997167
0.8668555240793201
0.8668555240793201
0.8696883852691218
0.8781869688385269
0.8838526912181303
0.8838526912181303
0.8838526912181303
0.886685552407932
0.886685552407932
0.8895184135977338
0.9008498583569405
0.9008498583569405
0.9008498583569405
0.9008498583569405
0.9008498583569405
