0.35443037974683544
0.4472573839662447
0.510548523206751
0.5527426160337553
0.5569620253164557
0.5738396624472574
0.5991561181434599
0.6160337552742616
0.6329113924050633
0.6413502109704642
0.6540084388185654
0.6582278481012658
0.6624472573839663
0.6624472573839663
0.6624472573839663
0.6708860759493671
0.6835443037974683
0.6877637130801688
0.6919831223628692
0.70042194092827
0.70042194092827
0.70042194092827
0.7046413502109705
0.7088607594936709
0.7088607594936709
0.7088607594936709
0.7130801687763713
0.729957805907173
0.729957805907173
0.7341772151898734
0.7341772151898734
0.7341772151898734
0.7341772151898734
0.7341772151898734
0.7383966244725738
0.7383966244725738
0.7383966244725738
0.7383966244725738
0.7383966244725738
0.7383966244725738
0.7426160337552743
0.7426160337552743
0.7426160337552743
0.7426160337552743
0.7426160337552743
0.7426160337552743
0.7426160337552743
0.7426160337552743
0.7426160337552743
0.7510548523206751
