0.43074884029158383
0.5029821073558648
0.5394300861497681
0.5593108018555335
0.5659377070907886
0.5725646123260437
0.5745526838966203
0.5785288270377733
0.5818422796554009
0.583167660702452
0.585818422796554
0.587143803843605
0.587143803843605
0.587143803843605
0.5897945659377071
0.5904572564612326
0.5904572564612326
0.5917826375082836
0.5924453280318092
0.5950960901259112
0.5957587806494367
0.5970841616964877
0.5970841616964877
0.5984095427435387
0.5984095427435387
0.5984095427435387
0.5984095427435387
0.5990722332670643
0.5997349237905898
0.6003976143141153
0.6003976143141153
0.6017229953611664
0.6017229953611664
0.6017229953611664
0.6017229953611664
0.6017229953611664
0.6017229953611664
0.6017229953611664
0.6017229953611664
0.6017229953611664
0.6017229953611664
0.6017229953611664
0.6017229953611664
0.6017229953611664
0.6017229953611664
0.6017229953611664
0.6017229953611664
0.6017229953611664
0.6017229953611664
0.6017229953611664
