0.34277620396600567
0.40226628895184136
0.42209631728045327
0.43342776203966005
0.44192634560906513
0.45325779036827196
0.46175637393767704
0.46742209631728043
0.4702549575070821
0.4730878186968839
0.47592067988668557
0.47592067988668557
0.48158640226628896
0.48158640226628896
0.48441926345609065
0.48441926345609065
0.48441926345609065
0.48441926345609065
0.48725212464589235
0.49008498583569404
0.49008498583569404
0.49008498583569404
0.49575070821529743
0.49575070821529743
0.49575070821529743
0.49575070821529743
0.49575070821529743
0.5014164305949008
0.5014164305949008
0.5014164305949008
0.5014164305949008
0.5014164305949008
0.5014164305949008
0.5014164305949008
0.5014164305949008
0.5014164305949008
0.5014164305949008
0.5042492917847026
0.5070821529745042
0.5070821529745042
0.5070821529745042
0.5070821529745042
0.5070821529745042
0.5070821529745042
0.5070821529745042
0.5127478753541076
0.5127478753541076
0.5127478753541076
0.5127478753541076
0.5127478753541076
