0.6129887342611001
0.7514910536779325
0.8230616302186878
0.8614976805831677
0.8793903247183565
0.8966202783300199
0.9039098740888005
0.9085487077534792
0.9145129224652088
0.9171636845593109
0.9218025182239894
0.9264413518886679
0.9271040424121935
0.9297548045062956
0.9337309476474487
0.9357190192180251
0.9383697813121272
0.9443339960238568
0.9449966865473823
0.9476474486414844
0.949635520212061
0.9516235917826376
0.9542743538767395
0.9555997349237906
0.9555997349237906
0.9562624254473161
0.9562624254473161
0.9569251159708416
0.9582504970178927
0.9615639496355202
0.9622266401590457
0.9642147117296223
0.9655400927766733
0.9655400927766733
0.9655400927766733
0.9655400927766733
0.9668654738237243
0.9668654738237243
0.9668654738237243
0.9668654738237243
0.9668654738237243
0.9668654738237243
0.9668654738237243
0.9668654738237243
0.9668654738237243
0.9668654738237243
0.9668654738237243
0.9668654738237243
0.9668654738237243
0.9668654738237243
